# k  P_s(k)  (external_Pk format)
9.00000000e-07 1.00000000e-300
1.00000000e-06 1.00000000e-300
3.71831181e-04 2.55982410e-09
4.83380535e-04 2.53461483e-09
6.69296126e-04 3.49441391e-10
7.80845480e-04 2.07181569e-09
9.29577953e-04 5.21427410e-10
1.07831043e-03 1.72172193e-09
1.22704290e-03 6.84168259e-10
1.37577537e-03 1.66210735e-09
1.52450784e-03 7.38505308e-10
1.67324031e-03 2.14743995e-09
1.82197279e-03 2.41707955e-09
1.97070526e-03 2.40718475e-09
2.11943773e-03 2.41056618e-09
2.26817020e-03 2.40997427e-09
2.41690268e-03 2.40562213e-09
2.56563515e-03 2.40235986e-09
2.71436762e-03 2.39859892e-09
2.86310009e-03 2.39478541e-09
3.01183257e-03 2.39077855e-09
3.16056504e-03 2.38423629e-09
3.30929751e-03 2.37886333e-09
3.45802998e-03 2.32957967e-09
3.60676246e-03 2.09698990e-09
3.75549493e-03 1.11630403e-09
3.90422740e-03 1.28869719e-09
4.05295987e-03 7.83297719e-10
4.20169235e-03 1.81391427e-09
4.31324170e-03 1.66529111e-09
4.46197417e-03 8.67657726e-10
4.61070665e-03 1.21348801e-09
4.75943912e-03 1.23096436e-09
4.90817159e-03 2.15673600e-09
5.05690406e-03 2.69795878e-09
5.20563653e-03 1.89816714e-09
5.35436901e-03 2.98655835e-09
5.50310148e-03 1.64155023e-09
5.65183395e-03 2.39477173e-09
5.80056642e-03 1.81736182e-09
5.94929890e-03 1.48108039e-09
6.09803137e-03 1.37759576e-09
6.24676384e-03 1.42972439e-09
6.39549631e-03 9.55836879e-10
6.54422879e-03 1.87536121e-09
6.65577814e-03 1.98423926e-09
6.80451061e-03 8.19003202e-10
6.95324309e-03 1.34978858e-09
7.10197556e-03 9.18286475e-10
7.25070803e-03 1.24051388e-09
7.39944050e-03 1.00535186e-09
7.54817298e-03 1.17852916e-09
7.69690545e-03 1.17227966e-09
7.84563792e-03 1.25443324e-09
7.99437039e-03 1.36151161e-09
8.14310286e-03 2.27327288e-09
8.29183534e-03 1.79833171e-09
8.44056781e-03 2.72270986e-09
8.58930028e-03 2.83502286e-09
8.73803275e-03 1.63266668e-09
8.88676523e-03 2.57545461e-09
8.97563288e-03 2.30668011e-09
1.03310683e-02 2.29607839e-09
1.18911917e-02 2.28552539e-09
1.36869138e-02 2.27502090e-09
1.57538129e-02 2.26456468e-09
1.81328402e-02 2.25415653e-09
2.08711310e-02 2.24379621e-09
2.40229388e-02 2.23348350e-09
2.76507099e-02 2.22321820e-09
3.18263209e-02 2.21300008e-09
3.66325025e-02 2.20282892e-09
4.21644790e-02 2.19270450e-09
4.85318548e-02 2.18262662e-09
5.58607857e-02 2.17259506e-09
6.42964790e-02 2.16260961e-09
7.40060699e-02 2.15267005e-09
8.51819332e-02 2.14277617e-09
9.80454948e-02 2.13292776e-09
1.12851619e-01 2.12312462e-09
1.29893657e-01 2.11336654e-09
1.49509261e-01 2.10365330e-09
1.72087072e-01 2.09398471e-09
1.98074421e-01 2.08436056e-09
2.27986193e-01 2.07478064e-09
2.62415025e-01 2.06524475e-09
3.02043051e-01 2.05575268e-09
3.47655416e-01 2.04630425e-09
4.00155831e-01 2.03689924e-09
4.60584481e-01 2.02753745e-09
5.30138630e-01 2.01821869e-09
6.10196345e-01 2.00894277e-09
7.02343799e-01 1.99970947e-09
8.08406698e-01 1.99051862e-09
9.30486451e-01 1.98137000e-09
1.07100181e+00 1.97226344e-09
1.23273678e+00 1.96319873e-09
1.41889581e+00 1.95417568e-09
1.63316723e+00 1.94519410e-09
1.87979637e+00 1.93625380e-09
2.16366967e+00 1.92735459e-09
2.49041147e+00 1.91849628e-09
2.86649547e+00 1.90967869e-09
3.29937295e+00 1.90090163e-09
3.79762048e+00 1.89216490e-09
4.37110976e+00 1.88346833e-09
5.03120325e+00 1.87481173e-09
5.79097931e+00 1.86619491e-09
6.66549127e+00 1.85761770e-09
7.67206572e+00 1.84907991e-09
8.83064579e+00 1.84058136e-09
1.01641863e+01 1.83212188e-09
1.16991084e+01 1.82370127e-09
1.34658235e+01 1.81531936e-09
1.54993351e+01 1.80697598e-09
1.78399330e+01 1.79867095e-09
2.05339911e+01 1.79040408e-09
2.36348864e+01 1.78217521e-09
2.72040567e+01 1.77398416e-09
3.13122172e+01 1.76583076e-09
3.60407626e+01 1.75771484e-09
4.14833788e+01 1.74963621e-09
4.77478998e+01 1.74159471e-09
5.49584435e+01 1.73359018e-09
6.32578715e+01 1.72562243e-09
7.28106194e+01 1.71769131e-09
8.38059544e+01 1.70979663e-09
9.64617256e+01 1.70193824e-09
1.11028680e+02 1.69411597e-09
1.27795431e+02 1.68632965e-09
1.47094176e+02 1.67857912e-09
1.69307279e+02 1.67086421e-09
1.94874844e+02 1.66318476e-09
2.24303438e+02 1.65554060e-09
2.58176127e+02 1.64793158e-09
2.97164025e+02 1.64035753e-09
3.42039595e+02 1.63281828e-09
3.93691949e+02 1.62531370e-09
4.53144470e+02 1.61784360e-09
5.21575082e+02 1.61040783e-09
6.00339592e+02 1.60300624e-09
6.90998551e+02 1.59563867e-09
7.95348172e+02 1.58830497e-09
9.15455921e+02 1.58100496e-09
1.05370148e+03 1.57373851e-09
1.21282388e+03 1.56650546e-09
1.39597580e+03 1.55930565e-09
1.60678601e+03 1.55213893e-09
1.84943125e+03 1.54500515e-09
2.12871903e+03 1.53790416e-09
2.45018283e+03 1.53083581e-09
2.82019179e+03 1.52379994e-09
3.24607683e+03 1.51679641e-09
3.73627596e+03 1.50982507e-09
4.30050142e+03 1.50288577e-09
4.94993216e+03 1.49597836e-09
5.69743524e+03 1.48910270e-09
6.55782085e+03 1.48225864e-09
7.54813569e+03 1.47544604e-09
8.68800074e+03 1.46866475e-09
1.00000000e+04 1.46191462e-09
