# plik lowl lowE chi_eff_sq As ns tau
2.640845e+03 6.379095e+01 3.961045e+02 3.100741e+03 2.14903757 0.96438735 0.06402059
3.624862e+04 2.000000e+30 3.977695e+02 2.000000e+30 2.37290695 1.08207494 0.05410538
1.154060e+05 6.967263e+01 3.986457e+02 1.158743e+05 2.71130092 1.04659365 0.04325525
2.693244e+05 6.780687e+01 3.988829e+02 2.697911e+05 3.21520591 0.95001463 0.03622731
3.240996e+05 5.833125e+01 4.009555e+02 3.245588e+05 3.24863474 0.98057553 0.03099341
1.087818e+05 6.921775e+01 4.096615e+02 1.092607e+05 3.08662586 0.90602774 0.07888004
2.501814e+05 4.636468e+01 3.983213e+02 2.506261e+05 3.27237758 1.02172546 0.06920945
3.320640e+05 6.264882e+01 3.975603e+02 3.325242e+05 3.35610878 1.08677105 0.07274204
3.491134e+05 4.892873e+01 3.987745e+02 3.495611e+05 3.48265542 1.02012362 0.06841638
5.828987e+03 2.000000e+30 3.997888e+02 2.000000e+30 2.04465374 1.07346254 0.04780470
7.374944e+04 2.000000e+30 3.961751e+02 2.000000e+30 1.51922620 0.94383931 0.06171530
4.233116e+04 4.913344e+01 4.064339e+02 4.278673e+04 2.76018650 0.90789687 0.07808266
4.050074e+03 3.785005e+01 4.031998e+02 4.491124e+03 2.20523594 0.90827194 0.07964585
4.107964e+03 6.108215e+01 3.958861e+02 4.564932e+03 2.06206996 0.94900120 0.06137989
9.803384e+03 2.000000e+30 3.960390e+02 2.000000e+30 1.91923186 0.98173032 0.06123397
6.391220e+03 3.815862e+01 4.016750e+02 6.831053e+03 2.38085304 0.90149861 0.07299275
2.363272e+04 7.744357e+01 3.961939e+02 2.410635e+04 1.79144575 0.93149670 0.05297741
3.300400e+03 6.565709e+01 3.963248e+02 3.762382e+03 2.20530754 0.97421710 0.06564330
4.425100e+04 4.575352e+01 3.967169e+02 4.469347e+04 2.61627260 0.98031215 0.06462541
4.303544e+04 2.000000e+30 3.974162e+02 2.000000e+30 1.61674074 1.00325271 0.05742347
1.253470e+05 4.574346e+01 3.963275e+02 1.257891e+05 2.88808012 0.96772648 0.04889590
3.223924e+03 4.139577e+01 3.993018e+02 3.664622e+03 2.25952414 0.92907858 0.07235739
1.136980e+04 3.964460e+01 3.980729e+02 1.180752e+04 2.41574149 0.93334630 0.06722563
2.817810e+03 5.726635e+01 3.986288e+02 3.273705e+03 2.22720858 0.96187333 0.07448341
2.662127e+03 5.783074e+01 3.984705e+02 3.118428e+03 2.20431946 0.95991056 0.07417450
3.190440e+04 2.000000e+30 3.974860e+02 2.000000e+30 1.78151459 0.96231760 0.07552724
4.565053e+03 2.000000e+30 3.966481e+02 2.000000e+30 2.04292470 0.99807509 0.07117437
1.545274e+04 2.000000e+30 3.970950e+02 2.000000e+30 1.88890347 0.99997180 0.07520539
3.700171e+04 4.224007e+01 3.961304e+02 3.744008e+04 2.56822092 0.95896273 0.05879399
4.279094e+03 3.959441e+01 3.971873e+02 4.715876e+03 2.27577591 0.92215569 0.06461368
1.776517e+04 5.881136e+01 3.988201e+02 1.822280e+04 2.46347519 0.99311109 0.07588307
3.258082e+03 4.062080e+01 3.990834e+02 3.697786e+03 2.25717939 0.92581165 0.07145362
5.720704e+03 4.271140e+01 3.982199e+02 6.161636e+03 2.32661691 0.94109064 0.06963185
3.742070e+03 6.215706e+01 3.984100e+02 4.202638e+03 2.12118710 0.95545577 0.07440172
1.530445e+04 5.611090e+01 3.966569e+02 1.575722e+04 1.93027099 0.92051412 0.06629860
1.863238e+04 4.545281e+01 4.003907e+02 1.907822e+04 2.50782066 0.96848023 0.07700093
3.994148e+04 4.051929e+01 4.046137e+02 4.038662e+04 2.72005093 0.94019036 0.07992627
4.222952e+03 5.308845e+01 3.982475e+02 4.674287e+03 2.15069178 0.95345836 0.04094900
1.142763e+05 4.806944e+01 3.978167e+02 1.147222e+05 2.90749945 1.01329293 0.07006416
7.129196e+03 6.641273e+01 3.977582e+02 7.593366e+03 2.32196927 0.98842876 0.07330012
3.757234e+03 8.117578e+01 3.963488e+02 4.234759e+03 2.01867200 0.97134132 0.05366165
3.404331e+03 3.896073e+01 3.996986e+02 3.842990e+03 2.26828612 0.91909724 0.07209228
2.963220e+03 4.306010e+01 3.978656e+02 3.404146e+03 2.19957809 0.92818897 0.06864372
3.954587e+03 5.099489e+01 3.970701e+02 4.402652e+03 2.10971756 0.93639536 0.06768315
2.715985e+04 2.000000e+30 3.962269e+02 2.000000e+30 2.40846312 1.04603153 0.06319724
1.024358e+04 7.609263e+01 3.965787e+02 1.071625e+04 1.96706130 0.95301361 0.06831968
8.632961e+03 2.000000e+30 3.971156e+02 2.000000e+30 2.18316588 1.09902820 0.07720758
7.390561e+04 4.462757e+01 4.005440e+02 7.435079e+04 2.63004719 0.94615856 0.03155054
2.413162e+04 4.186999e+01 3.965412e+02 2.457003e+04 2.51364924 0.91628540 0.05753323
3.431164e+04 6.645707e+01 3.982661e+02 3.477636e+04 1.80136166 0.91315380 0.07364487
9.130287e+03 3.975564e+01 3.962888e+02 9.566332e+03 2.35256381 0.92759023 0.05958976
3.077904e+03 4.151746e+01 3.988287e+02 3.518250e+03 2.23970587 0.92740056 0.07110847
3.874901e+03 3.697163e+01 4.025560e+02 4.314429e+03 2.21707509 0.90327704 0.07747382
4.593148e+03 5.183168e+01 3.975656e+02 5.042546e+03 2.09800424 0.93602358 0.06970816
2.726932e+03 6.331719e+01 3.975110e+02 3.187760e+03 2.15883001 0.96302762 0.07158723
6.842338e+03 2.000000e+30 3.960600e+02 2.000000e+30 1.97991234 0.98411562 0.06531471
1.970265e+04 2.000000e+30 3.959849e+02 2.000000e+30 1.83386574 0.96434872 0.06347065
4.123538e+04 2.000000e+30 3.964671e+02 2.000000e+30 1.69072582 0.97662690 0.07045588
3.525586e+03 5.614098e+01 4.000438e+02 3.981771e+03 2.15364996 0.94944867 0.07825307
6.963949e+03 6.374443e+01 3.967864e+02 7.424480e+03 2.02582405 0.94588355 0.06810964
2.340170e+04 8.884096e+01 3.975652e+02 2.388810e+04 2.45790527 1.03226344 0.07535757
3.393731e+03 5.328692e+01 3.980556e+02 3.845073e+03 2.25365346 0.95859419 0.07203958
4.545981e+03 3.959785e+01 3.995391e+02 4.985118e+03 2.31643035 0.92689440 0.07200506
6.319320e+03 4.159166e+01 3.974471e+02 6.758359e+03 2.07841972 0.90916529 0.06663690
2.966843e+03 4.465240e+01 3.994135e+02 3.410909e+03 2.20079232 0.93236217 0.07378032
2.646370e+03 5.961262e+01 3.982176e+02 3.104200e+03 2.19024693 0.96108782 0.07359733
1.926095e+04 2.000000e+30 3.973303e+02 2.000000e+30 1.87781883 0.96259961 0.07383048
2.717926e+03 7.599355e+01 3.981788e+02 3.192098e+03 2.16302803 0.97927140 0.07573242
1.783901e+04 5.397628e+01 3.963068e+02 1.828929e+04 2.36299083 0.97802153 0.05100578
2.901547e+03 2.000000e+30 3.975788e+02 2.000000e+30 2.15230542 1.00697297 0.07602459
1.099062e+04 2.000000e+30 3.982836e+02 2.000000e+30 1.96581403 0.99202337 0.07972700
2.779945e+03 6.985642e+01 3.979454e+02 3.247747e+03 2.15493546 0.97090624 0.07412125
5.517921e+03 8.082010e+01 3.983170e+02 5.997058e+03 2.06369330 0.97052716 0.07639797
6.593172e+03 6.530101e+01 3.969165e+02 7.055390e+03 2.29836978 0.98481055 0.06935794
3.245933e+03 7.549300e+01 3.980319e+02 3.719458e+03 2.12534861 0.97361122 0.07498952
9.601591e+03 4.742251e+01 4.006892e+02 1.004970e+04 2.41438550 0.96382182 0.07831356
2.645383e+03 6.446187e+01 3.977530e+02 3.107597e+03 2.18864929 0.96843917 0.07270789
2.975793e+05 5.801123e+01 4.029241e+02 2.980402e+05 3.47839121 0.97833278 0.07301255
6.950543e+03 6.990627e+01 3.983082e+02 7.418758e+03 2.04410323 0.95503535 0.07497128
2.321245e+05 5.537940e+01 3.969268e+02 2.325768e+05 3.15907194 0.96736180 0.04476575
1.083102e+04 7.961908e+01 3.991450e+02 1.130979e+04 1.99510091 0.95830370 0.07879687
2.655326e+03 6.831291e+01 3.971944e+02 3.120834e+03 2.17869554 0.97292156 0.07099586
2.752504e+03 8.370995e+01 3.969492e+02 3.233163e+03 2.16627578 0.98983053 0.07119361
2.726474e+03 8.540369e+01 3.968464e+02 3.208724e+03 2.14116253 0.98822334 0.07095602
1.168066e+04 2.000000e+30 3.966093e+02 2.000000e+30 1.92883080 0.98480150 0.07090797
3.095089e+03 2.000000e+30 3.962711e+02 2.000000e+30 2.08705275 0.99507714 0.06740000
6.400858e+03 6.869930e+01 3.975553e+02 6.867112e+03 2.30443597 0.98952900 0.07277573
4.184323e+03 8.470370e+01 3.967649e+02 4.665791e+03 2.22658230 0.99940722 0.07042509
1.162891e+04 7.250017e+01 3.985042e+02 1.209992e+04 2.38604731 1.00384104 0.07687339
3.937950e+03 7.117034e+01 3.960843e+02 4.405205e+03 2.17592365 0.98096104 0.05514457
3.004884e+03 2.000000e+30 3.961200e+02 2.000000e+30 2.11606828 1.00914884 0.06292058
2.744058e+03 6.871901e+01 3.967624e+02 3.209539e+03 2.18217721 0.97450130 0.06888887
4.615228e+03 6.087829e+01 3.968555e+02 5.072962e+03 2.26335764 0.97382143 0.06852963
6.120137e+03 7.977223e+01 3.970995e+02 6.597008e+03 2.03472955 0.96648440 0.07151155
3.279133e+03 7.767773e+01 3.962054e+02 3.753016e+03 2.18804327 0.98751246 0.06577507
1.006563e+04 6.932511e+01 3.967660e+02 1.053172e+04 2.33927198 0.99573360 0.06910484
3.124099e+03 7.768873e+01 3.974128e+02 3.599200e+03 2.12014089 0.97608722 0.07278239
1.610778e+04 4.192063e+01 3.975316e+02 1.654723e+04 2.45276781 0.95002376 0.06682657
5.379430e+03 5.112823e+01 3.964042e+02 5.826962e+03 2.27937554 0.95891494 0.06446498
6.776575e+03 2.000000e+30 3.967915e+02 2.000000e+30 2.00634081 0.98242785 0.07130269
2.945439e+03 4.640610e+01 3.978549e+02 3.389700e+03 2.22544913 0.94049912 0.06964260
2.809431e+03 7.143730e+01 3.979383e+02 3.278806e+03 2.15084455 0.97237876 0.07414244
4.504865e+03 7.848246e+01 3.982066e+02 4.981554e+03 2.08664125 0.97133107 0.07598669
2.722438e+03 5.821552e+01 3.986964e+02 3.179350e+03 2.21814173 0.96219986 0.07486128
2.650348e+03 6.221084e+01 3.977927e+02 3.110351e+03 2.19179555 0.96557551 0.07253503
2.820096e+03 5.747594e+01 3.980787e+02 3.275651e+03 2.21973198 0.96165097 0.07272309
6.923673e+03 6.815092e+01 3.992229e+02 7.391047e+03 2.05701898 0.95390263 0.07771672
4.075074e+03 5.622039e+01 3.989352e+02 4.530230e+03 2.28620991 0.96735519 0.07549161
1.369354e+04 7.123652e+01 3.981648e+02 1.416294e+04 1.95629591 0.94373698 0.07444305
2.600780e+04 4.071855e+01 3.989203e+02 2.644744e+04 2.55802082 0.95131087 0.07032460
6.701310e+03 4.921861e+01 3.987268e+02 7.149255e+03 2.34574575 0.96099317 0.07334907
2.657879e+03 7.212785e+01 3.973639e+02 3.127370e+03 2.17596068 0.97729676 0.07194862
2.774889e+03 7.273513e+01 3.973432e+02 3.244967e+03 2.19123562 0.98014480 0.07195617
3.403323e+03 6.891663e+01 3.982106e+02 3.870450e+03 2.12511568 0.96537516 0.07472754
3.043408e+03 6.633021e+01 3.988047e+02 3.508543e+03 2.23779224 0.97664760 0.07665960
3.248496e+03 6.202079e+01 3.977952e+02 3.708312e+03 2.13138412 0.95717589 0.07230880
3.785723e+03 7.254582e+01 3.965578e+02 4.254827e+03 2.08171403 0.96574071 0.06802752
1.710007e+04 2.000000e+30 3.965537e+02 2.000000e+30 1.87872910 0.96811348 0.06978080
2.718258e+03 7.939697e+01 3.974523e+02 3.195107e+03 2.17837607 0.98603115 0.07339253
1.202741e+05 8.095168e+01 3.977060e+02 1.207528e+05 2.87184082 1.06955637 0.07568726
5.909091e+03 6.639969e+01 3.978507e+02 6.373341e+03 2.30272350 0.98589989 0.07359473
2.713480e+03 6.787808e+01 3.974956e+02 3.178854e+03 2.19333250 0.97399770 0.07217736
4.155919e+03 6.449227e+01 3.972157e+02 4.617627e+03 2.25450611 0.97771882 0.07048700
2.703448e+03 6.449384e+01 3.979281e+02 3.165870e+03 2.20188890 0.97008979 0.07337234
2.645462e+03 5.801706e+01 4.001201e+02 3.103599e+03 2.21739760 0.96084424 0.07907044
2.643374e+03 5.846903e+01 4.002952e+02 3.102138e+03 2.22012696 0.96182653 0.07958714
2.650996e+03 5.792724e+01 4.001542e+02 3.109077e+03 2.22257537 0.96136203 0.07911518
7.303034e+03 4.608861e+01 4.009667e+02 7.750089e+03 2.38533509 0.95711356 0.07853492
2.685376e+03 5.267887e+01 4.009256e+02 3.138981e+03 2.23405844 0.95341020 0.07996550
4.146182e+03 4.476009e+01 4.016368e+02 4.592579e+03 2.32634527 0.94675678 0.07961362
3.081802e+03 4.952437e+01 4.009301e+02 3.532256e+03 2.27518096 0.95230061 0.07930514
2.664066e+03 5.783322e+01 3.995973e+02 3.121496e+03 2.21987746 0.96120423 0.07752369
3.123184e+03 6.034821e+01 3.994335e+02 3.582965e+03 2.25488368 0.96976932 0.07766091
2.685389e+03 5.549218e+01 4.000346e+02 3.140915e+03 2.20762713 0.95547999 0.07820550
5.455710e+03 6.455539e+01 4.002037e+02 5.920469e+03 2.09688192 0.95413958 0.07999176
2.715055e+03 5.061955e+01 4.006374e+02 3.166311e+03 2.22501047 0.94844800 0.07872630
3.824046e+03 5.151758e+01 3.999011e+02 4.275465e+03 2.29336629 0.95906065 0.07711513
5.958882e+03 4.208279e+01 4.012440e+02 6.402209e+03 2.36801367 0.94299788 0.07768680
7.215612e+03 7.138591e+01 3.992589e+02 7.686257e+03 2.05031486 0.95695883 0.07818335
3.975080e+03 4.171921e+01 4.017986e+02 4.418597e+03 2.32313055 0.93696362 0.07877010
2.640745e+03 6.104907e+01 3.990857e+02 3.100879e+03 2.20657825 0.96478372 0.07665849
2.646874e+03 6.110748e+01 3.991876e+02 3.107169e+03 2.19656329 0.96351338 0.07680172
2.986094e+03 5.687527e+01 3.993629e+02 3.442332e+03 2.24891731 0.96350417 0.07676950
3.809932e+03 6.611162e+01 3.996768e+02 4.275721e+03 2.13116478 0.96136418 0.07893915
4.867393e+03 6.094930e+01 3.990440e+02 5.327386e+03 2.09980509 0.95024541 0.07614997
2.875395e+03 6.491575e+01 3.993261e+02 3.339637e+03 2.16832396 0.96508754 0.07779065
9.136775e+03 4.348068e+01 4.019312e+02 9.582187e+03 2.42606049 0.95375642 0.07996695
2.659692e+03 5.660679e+01 3.996209e+02 3.115920e+03 2.20810600 0.95766144 0.07728342
3.695542e+03 5.257321e+01 3.996079e+02 4.147723e+03 2.28513685 0.96024493 0.07658869
8.503245e+03 8.516104e+01 3.983813e+02 8.986787e+03 2.01303682 0.96754787 0.07697868
2.734590e+03 4.922573e+01 4.009365e+02 3.184753e+03 2.23856451 0.94715731 0.07918906
2.711789e+03 5.725584e+01 3.998364e+02 3.168881e+03 2.19760496 0.95721570 0.07803330
2.974023e+03 6.614721e+01 3.984121e+02 3.438582e+03 2.14962548 0.96494069 0.07504525
2.715795e+03 5.405084e+01 3.993494e+02 3.169195e+03 2.22509087 0.95560637 0.07601055
3.566360e+03 7.351684e+01 3.987227e+02 4.038600e+03 2.12321005 0.97034408 0.07708755
2.865810e+03 6.192986e+01 3.997657e+02 3.327506e+03 2.17696791 0.96169667 0.07868553
2.947664e+03 4.990708e+01 4.011883e+02 3.398759e+03 2.26906587 0.95225374 0.07997632
4.743885e+03 6.774278e+01 3.982298e+02 5.209857e+03 2.08738853 0.95853357 0.07459595
6.766696e+03 5.213560e+01 3.992781e+02 7.218110e+03 2.35108202 0.96751861 0.07569827
3.648593e+03 6.319811e+01 3.959059e+02 4.107697e+03 2.20250133 0.97147549 0.06105182
1.585322e+04 4.950964e+01 3.988456e+02 1.630158e+04 2.30241632 0.96452233 0.03886299
2.677852e+03 6.630312e+01 3.991468e+02 3.143302e+03 2.21305202 0.97309159 0.07764841
2.695716e+03 5.670331e+01 3.998011e+02 3.152220e+03 2.22841124 0.96034592 0.07783486
2.926634e+03 7.378203e+01 3.986081e+02 3.399024e+03 2.15037969 0.97457309 0.07670747
2.871711e+03 5.163652e+01 4.004462e+02 3.323793e+03 2.25549768 0.95434754 0.07859964
2.678726e+03 6.615223e+01 3.991340e+02 3.144012e+03 2.18449317 0.96907351 0.07754610
4.432231e+03 5.987995e+01 3.985093e+02 4.890621e+03 2.10513308 0.94977579 0.07439526
3.411771e+03 6.560548e+01 3.997816e+02 3.877158e+03 2.14644810 0.96272203 0.07916436
2.683889e+03 6.732211e+01 3.984221e+02 3.149634e+03 2.20398944 0.97380167 0.07557575
4.389038e+03 5.369500e+01 4.007793e+02 4.843512e+03 2.31813109 0.96581621 0.07999526
6.166694e+03 6.952586e+01 3.987015e+02 6.634922e+03 2.06322079 0.95694618 0.07636830
2.687736e+03 6.630359e+01 3.991411e+02 3.153180e+03 2.18328745 0.96909936 0.07763453
3.276613e+03 6.864779e+01 3.990425e+02 3.744304e+03 2.24995905 0.98114254 0.07783284
2.886878e+03 6.192533e+01 3.993016e+02 3.348105e+03 2.16974116 0.96106283 0.07721579
2.672224e+03 6.310460e+01 3.996471e+02 3.134975e+03 2.22113969 0.96933222 0.07868024
2.666276e+03 5.999855e+01 3.998971e+02 3.126171e+03 2.22413799 0.96497992 0.07875065
3.350813e+03 5.571539e+01 4.002872e+02 3.806816e+03 2.27802572 0.96469716 0.07910528
3.998366e+03 6.141190e+01 3.998039e+02 4.459582e+03 2.13067515 0.95464222 0.07856826
7.343285e+04 2.000000e+30 3.970629e+02 2.000000e+30 1.55093567 0.95851776 0.07512311
1.172828e+04 4.467419e+01 4.006460e+02 1.217360e+04 2.24723797 0.94550306 0.03235671
5.467914e+03 5.151876e+01 3.988155e+02 5.918248e+03 2.32167270 0.96302097 0.07413449
2.663920e+03 6.645394e+01 3.996039e+02 3.129978e+03 2.21577283 0.97333715 0.07898079
2.689452e+03 6.896771e+01 3.995198e+02 3.157940e+03 2.21657144 0.97680734 0.07918150
3.048278e+03 6.861540e+01 3.993849e+02 3.516278e+03 2.15604824 0.96830057 0.07848281
3.193186e+03 5.422304e+01 3.993934e+02 3.646803e+03 2.26164355 0.96050140 0.07632316
4.101621e+03 2.000000e+30 3.981894e+02 2.000000e+30 2.22424097 1.02350992 0.07956857
4.547062e+03 6.040985e+01 3.997810e+02 5.007253e+03 2.11634602 0.95122073 0.07826363
4.412579e+03 5.542310e+01 3.981548e+02 4.866157e+03 2.28519537 0.96636177 0.07280191
2.964958e+03 7.107560e+01 3.987459e+02 3.434780e+03 2.15147692 0.97128535 0.07687488
4.885531e+03 5.197532e+01 3.969249e+02 5.334431e+03 2.19115314 0.95448221 0.04639811
2.751057e+03 6.426329e+01 3.963516e+02 3.211672e+03 2.07632443 0.95889253 0.05127053
2.672002e+03 6.688401e+01 3.991031e+02 3.137990e+03 2.21120631 0.97364617 0.07766510
2.763100e+03 6.925699e+01 3.997373e+02 3.232094e+03 2.22782786 0.97849930 0.07995772
2.841796e+03 6.461882e+01 3.995685e+02 3.305983e+03 2.17397970 0.96525846 0.07850594
3.636562e+03 6.093904e+01 3.988466e+02 4.096347e+03 2.26727136 0.97267107 0.07596927
2.636975e+03 6.381936e+01 3.990930e+02 3.099888e+03 2.20436358 0.96853617 0.07708146
3.378726e+03 7.141319e+01 3.982015e+02 3.848340e+03 2.12439960 0.96842457 0.07504290
9.108283e+03 5.087153e+01 3.958311e+02 9.554986e+03 2.30324713 0.96302931 0.05602883
2.673934e+03 6.961204e+01 3.987744e+02 3.142321e+03 2.20404220 0.97653688 0.07696289
2.639033e+03 6.771788e+01 3.978222e+02 3.104573e+03 2.17620177 0.97112551 0.07348543
2.700923e+03 7.861250e+01 3.976857e+02 3.177222e+03 2.15803345 0.98212663 0.07405289
3.388227e+03 6.159697e+01 3.975944e+02 3.847418e+03 2.23953606 0.97111973 0.07168231
2.634810e+03 6.433213e+01 3.976823e+02 3.096825e+03 2.18049704 0.96724533 0.07235243
2.664786e+03 6.845892e+01 3.976811e+02 3.130926e+03 2.18892269 0.97395080 0.07310146
3.687403e+03 7.295675e+01 3.976290e+02 4.157988e+03 2.10435356 0.96804153 0.07316859
2.671079e+03 6.362616e+01 3.976784e+02 3.132384e+03 2.16849731 0.96462606 0.07224433
2.820885e+03 6.437999e+01 3.977397e+02 3.283005e+03 2.15235007 0.96345083 0.07254463
2.684016e+03 6.059902e+01 3.975514e+02 3.142166e+03 2.16840559 0.96027900 0.07129332
4.540650e+03 7.411538e+01 3.977535e+02 5.012519e+03 2.08071036 0.96599286 0.07352443
3.059152e+03 7.680618e+01 3.974031e+02 3.533361e+03 2.12417664 0.97562320 0.07277032
2.648801e+03 6.167559e+01 3.976475e+02 3.108124e+03 2.17627873 0.96284378 0.07190586
2.641230e+03 6.195041e+01 3.976544e+02 3.100835e+03 2.17936080 0.96365600 0.07198031
2.650571e+03 5.928162e+01 3.975581e+02 3.107410e+03 2.18542996 0.96050102 0.07113404
3.699518e+03 5.307300e+01 3.976894e+02 4.150281e+03 2.25901687 0.95914710 0.07057301
3.150542e+03 6.543170e+01 3.974860e+02 3.613460e+03 2.12831244 0.96186350 0.07168059
2.679970e+03 5.677346e+01 3.974245e+02 3.134168e+03 2.19133949 0.95733640 0.07015603
5.743192e+03 8.040633e+01 3.966732e+02 6.220271e+03 2.03245809 0.96752817 0.06924919
2.647747e+03 6.037662e+01 3.974356e+02 3.105560e+03 2.18390633 0.96210646 0.07086294
2.870857e+03 6.405714e+01 3.973608e+02 3.332275e+03 2.14322630 0.96212582 0.07102515
3.877001e+03 6.469782e+01 3.975784e+02 4.339277e+03 2.10353032 0.95732821 0.07186542
4.309506e+03 5.565099e+01 3.974222e+02 4.762579e+03 2.27086808 0.96555320 0.07012291
2.637113e+03 6.549775e+01 3.981069e+02 3.100717e+03 2.18985546 0.96972380 0.07414524
2.648579e+03 6.094873e+01 3.983209e+02 3.107849e+03 2.18613346 0.96252899 0.07404828
2.682402e+03 6.066709e+01 3.986344e+02 3.141704e+03 2.18302289 0.96143666 0.07507022
3.000093e+03 5.831580e+01 3.983558e+02 3.456764e+03 2.23588829 0.96487274 0.07394256
2.653006e+03 5.840129e+01 3.984892e+02 3.109896e+03 2.19351123 0.95940758 0.07427683
3.075790e+03 6.167769e+01 3.982912e+02 3.535759e+03 2.14683891 0.95834122 0.07406916
2.680839e+03 5.660644e+01 3.982761e+02 3.135721e+03 2.18673359 0.95575829 0.07318195
1.206781e+05 4.448392e+01 4.018593e+02 1.211245e+05 3.02068104 0.96921379 0.07449449
3.878844e+03 6.721350e+01 3.975474e+02 4.343605e+03 2.10143126 0.96043528 0.07220381
2.692449e+03 5.458132e+01 3.985541e+02 3.145585e+03 2.19347771 0.95296160 0.07374170
2.863265e+03 5.790504e+01 3.988635e+02 3.320033e+03 2.23384025 0.96359865 0.07541323
2.747056e+03 6.655002e+01 3.976407e+02 3.211247e+03 2.15535724 0.96694776 0.07245005
2.805935e+03 5.735333e+01 3.976522e+02 3.260941e+03 2.21237183 0.96082737 0.07122176
4.019620e+03 5.750492e+01 3.985954e+02 4.475720e+03 2.27873071 0.96883266 0.07459135
3.081345e+03 5.646430e+01 3.990877e+02 3.536897e+03 2.25086902 0.96324146 0.07584440
3.146954e+03 5.705118e+01 3.958481e+02 3.599853e+03 2.18524082 0.95964654 0.05950990
3.180216e+03 6.071681e+01 3.981654e+02 3.639099e+03 2.14106699 0.95623253 0.07347997
3.144716e+03 5.888501e+01 3.974943e+02 3.601096e+03 2.22987016 0.96573099 0.07089288
2.681477e+03 6.402507e+01 3.978492e+02 3.143352e+03 2.19775480 0.96896047 0.07295371
2.863589e+03 6.385661e+01 3.983715e+02 3.325817e+03 2.15813947 0.96296607 0.07461684
2.648251e+03 6.633348e+01 3.974308e+02 3.112015e+03 2.18275996 0.97056778 0.07168371
2.906626e+03 6.373922e+01 3.976267e+02 3.367992e+03 2.21501271 0.97104367 0.07209674
2.638239e+03 6.395961e+01 3.970649e+02 3.099263e+03 2.16766928 0.96564909 0.06969812
3.115353e+03 6.383183e+01 3.969272e+02 3.576112e+03 2.12195377 0.95938724 0.06903860
2.643550e+03 6.788592e+01 3.972002e+02 3.108636e+03 2.16352097 0.97031500 0.07085778
4.631232e+03 8.092783e+01 3.968478e+02 5.109008e+03 2.05968838 0.97178246 0.07039376
2.644614e+03 6.659934e+01 3.969988e+02 3.108212e+03 2.16029012 0.96839662 0.06974638
3.203619e+03 7.084949e+01 3.969632e+02 3.671431e+03 2.11239689 0.96738806 0.06997589
2.637268e+03 6.433510e+01 3.966375e+02 3.098241e+03 2.16094661 0.96584031 0.06758374
2.640731e+03 6.863317e+01 3.965727e+02 3.105937e+03 2.15156086 0.97053281 0.06772613
2.650134e+03 6.826990e+01 3.966798e+02 3.115084e+03 2.15127522 0.96981917 0.06839899
3.849347e+03 7.757159e+01 3.965201e+02 4.323439e+03 2.07482313 0.97081222 0.06810934
2.952171e+03 6.863139e+01 3.968251e+02 3.417627e+03 2.12430693 0.96638366 0.06910290
2.706250e+03 7.054113e+01 3.963041e+02 3.173095e+03 2.16458025 0.97526688 0.06623202
3.666681e+03 7.079379e+01 3.968707e+02 4.134346e+03 2.09322035 0.96473699 0.06950852
2.678802e+03 6.711319e+01 3.962028e+02 3.142118e+03 2.16132759 0.97050428 0.06513595
2.635765e+03 6.435108e+01 3.973332e+02 3.097450e+03 2.17354796 0.96669717 0.07092898
3.050009e+03 6.614205e+01 3.972727e+02 3.513424e+03 2.12896233 0.96316924 0.07083779
4.725100e+03 7.459128e+01 3.965529e+02 5.196244e+03 2.05509085 0.96439711 0.06812254
7.496588e+03 2.000000e+30 3.965906e+02 2.000000e+30 2.17853701 1.06727670 0.06700887
3.103270e+03 6.989162e+01 3.964662e+02 3.569628e+03 2.10717201 0.96619339 0.06716853
2.789579e+03 6.350445e+01 3.970904e+02 3.250174e+03 2.14511262 0.96191673 0.06970468
3.588104e+03 5.834908e+01 3.976782e+02 4.044131e+03 2.25076241 0.96739846 0.07145710
2.802778e+03 6.774487e+01 3.970850e+02 3.267608e+03 2.19512097 0.97450893 0.07043894
3.806151e+03 6.575801e+01 3.975859e+02 4.269495e+03 2.25045272 0.97855301 0.07237434
2.856770e+03 6.017457e+01 3.970796e+02 3.314024e+03 2.14387221 0.95680383 0.06926758
2.652270e+03 5.931967e+01 3.974902e+02 3.109080e+03 2.18557120 0.96064342 0.07087116
4.245901e+04 4.208323e+01 3.968624e+02 4.289796e+04 2.62196017 0.96227511 0.06344659
4.133649e+03 6.694166e+01 3.972973e+02 4.597888e+03 2.08964049 0.95873675 0.07094441
2.685507e+03 5.496045e+01 3.970478e+02 3.137516e+03 2.17849600 0.95289449 0.06827179
3.101689e+03 6.114235e+01 3.971840e+02 3.560016e+03 2.22094095 0.96839454 0.07001261
4.394659e+03 5.262663e+01 3.978813e+02 4.845167e+03 2.28291463 0.96109351 0.07124825
3.835143e+04 2.000000e+30 3.967779e+02 2.000000e+30 1.72026627 0.97229550 0.07282229
2.943294e+03 5.977282e+01 3.977100e+02 3.400777e+03 2.14813634 0.95615751 0.07167364
2.830545e+03 6.135619e+01 3.971944e+02 3.289095e+03 2.20451356 0.96656503 0.07003799
4.010457e+03 6.712240e+01 3.979012e+02 4.475480e+03 2.10232671 0.96012343 0.07339737
3.144233e+03 4.908101e+01 3.983533e+02 3.591668e+03 2.24755738 0.94917281 0.07194028
2.644677e+03 6.132383e+01 3.969609e+02 3.102962e+03 2.17355952 0.96267300 0.06895399
5.029744e+03 7.558781e+01 3.965272e+02 5.501859e+03 2.04645268 0.96440261 0.06790049
2.646223e+03 7.015445e+01 3.962997e+02 3.112677e+03 2.14166908 0.97164014 0.06612971
2.636461e+03 6.497011e+01 3.968479e+02 3.098279e+03 2.16709769 0.96726494 0.06881678
3.118270e+03 7.867809e+01 3.965851e+02 3.593533e+03 2.10407646 0.97607378 0.06887924
6.150781e+03 5.509492e+01 3.967608e+02 6.602637e+03 2.29786822 0.96854667 0.06705598
2.642445e+03 6.997041e+01 3.967552e+02 3.109170e+03 2.15526434 0.97245068 0.06907032
4.124373e+03 5.819058e+01 3.962182e+02 4.578782e+03 2.23770862 0.96714615 0.06435750
2.999253e+03 6.660865e+01 3.969461e+02 3.462808e+03 2.12584764 0.96373588 0.06951261
2.696640e+03 6.567308e+01 3.966078e+02 3.158921e+03 2.17611501 0.96979365 0.06766890
3.231898e+03 6.790694e+01 3.967398e+02 3.696545e+03 2.21149085 0.97739738 0.06863124
4.310056e+03 7.284252e+01 3.969663e+02 4.779865e+03 2.07500759 0.96453460 0.07019214
5.279636e+03 6.534248e+01 3.966220e+02 5.741601e+03 2.26735754 0.98133765 0.06767401
2.646532e+03 7.084136e+01 3.971500e+02 3.114523e+03 2.16058914 0.97382394 0.07089996
7.664644e+03 8.521468e+01 3.972292e+02 8.147088e+03 2.00818351 0.96818677 0.07246774
3.270347e+03 6.174005e+01 3.971143e+02 3.729201e+03 2.12029754 0.95591753 0.06957178
3.105160e+03 5.828591e+01 3.969762e+02 3.560422e+03 2.21905169 0.96388673 0.06854911
2.634553e+03 6.640773e+01 3.974214e+02 3.098382e+03 2.17491563 0.96964517 0.07155360
2.642463e+03 6.967821e+01 3.973059e+02 3.109448e+03 2.17405611 0.97397948 0.07150224
3.041299e+03 7.145722e+01 3.970552e+02 3.509812e+03 2.12131160 0.96929202 0.07044288
5.189379e+03 8.111821e+01 3.975295e+02 5.668027e+03 2.05877631 0.97097916 0.07344223
2.650293e+03 6.528682e+01 3.975309e+02 3.113110e+03 2.16916000 0.96718067 0.07196859
3.709135e+03 2.000000e+30 3.963863e+02 2.000000e+30 2.09100361 1.04377719 0.06609911
3.140903e+03 6.914843e+01 3.969222e+02 3.606974e+03 2.21052078 0.97863842 0.06982696
3.025356e+03 6.526245e+01 3.978589e+02 3.488477e+03 2.14029536 0.96291607 0.07309193
3.817758e+03 5.741570e+01 3.975493e+02 4.272723e+03 2.25733736 0.96678509 0.07089554
2.672968e+03 6.786046e+01 3.976147e+02 3.138443e+03 2.18903748 0.97330736 0.07251018
3.132691e+03 6.214975e+01 3.975686e+02 3.592409e+03 2.13336753 0.95783770 0.07152272
6.816081e+03 5.195003e+01 3.961138e+02 7.264145e+03 2.29552626 0.96301854 0.06248278
3.143283e+03 5.175224e+01 3.973194e+02 3.592354e+03 2.23108660 0.95337597 0.06886493
2.634772e+03 6.587099e+01 3.980202e+02 3.098663e+03 2.18247301 0.96932014 0.07388597
2.651368e+03 5.827202e+01 3.984151e+02 3.108055e+03 2.19485224 0.95943662 0.07399817
2.667349e+03 5.743331e+01 3.985829e+02 3.123365e+03 2.20688679 0.95953551 0.07438205
5.757704e+03 4.750646e+01 3.990187e+02 6.204229e+03 2.33409569 0.95550338 0.07380077
3.190918e+03 5.518756e+01 3.991084e+02 3.645214e+03 2.25741932 0.96185498 0.07567531
6.442827e+04 4.213659e+01 4.021419e+02 6.487255e+04 2.81747141 0.95095701 0.07513335
2.718507e+03 5.575754e+01 3.984301e+02 3.172695e+03 2.21458766 0.95781383 0.07366963
4.206788e+03 7.165402e+01 3.981482e+02 4.676590e+03 2.09733610 0.96494034 0.07492053
3.268642e+03 5.680038e+01 3.959026e+02 3.721345e+03 2.19672074 0.96034435 0.06086625
4.148895e+03 5.583666e+01 3.981600e+02 4.602892e+03 2.27773142 0.96616512 0.07284436
4.462590e+04 4.318214e+01 4.004706e+02 4.506956e+04 2.68367698 0.97622469 0.07598183
3.139133e+03 6.681250e+01 3.980280e+02 3.603973e+03 2.13529690 0.96419984 0.07380190
1.009963e+04 5.650295e+01 3.983852e+02 1.055452e+04 2.24132220 0.97145643 0.04130462
2.675566e+03 5.875484e+01 3.979072e+02 3.132228e+03 2.17821744 0.95841251 0.07230771
2.699599e+03 6.514931e+01 3.988277e+02 3.163576e+03 2.17826184 0.96710605 0.07639968
5.053453e+03 7.164828e+01 3.981227e+02 5.523224e+03 2.07585866 0.96194741 0.07460065
3.494440e+03 6.089477e+01 3.979952e+02 3.953330e+03 2.12588485 0.95456045 0.07293279
3.044189e+03 6.290229e+01 3.981754e+02 3.505266e+03 2.23207226 0.97157347 0.07402925
2.641091e+03 6.521043e+01 3.965139e+02 3.102815e+03 2.15344951 0.96622926 0.06704111
8.111499e+03 6.074938e+01 3.962384e+02 8.568487e+03 2.30924998 0.98031401 0.06479918
5.858937e+03 8.926360e+01 3.962573e+02 6.344458e+03 2.01376918 0.97492209 0.06694621
3.166269e+03 2.000000e+30 3.962433e+02 2.000000e+30 2.13550847 1.01483011 0.06696317
3.324746e+03 7.271815e+01 3.965576e+02 3.794022e+03 2.09785761 0.96823803 0.06809780
2.279956e+05 5.639514e+01 3.998312e+02 2.284518e+05 3.28901034 0.96547259 0.06614938
1.035840e+04 2.000000e+30 3.967644e+02 2.000000e+30 2.20236367 1.08331308 0.06769229
8.389959e+03 5.653071e+01 3.966309e+02 8.843121e+03 2.25242988 0.97033924 0.04889342
2.911886e+03 6.194055e+01 3.989370e+02 3.372763e+03 2.16412369 0.96056431 0.07621362
6.848789e+03 7.026043e+01 3.984067e+02 7.317456e+03 2.04691534 0.95578777 0.07537979
2.768824e+03 6.056062e+01 3.980680e+02 3.227453e+03 2.21345250 0.96573785 0.07320489
2.127734e+04 4.111440e+01 3.983685e+02 2.171682e+04 2.51220101 0.95073915 0.06897988
2.829441e+03 7.303140e+01 3.979921e+02 3.300464e+03 2.14960300 0.97408948 0.07462474
2.980999e+03 6.299939e+01 3.963100e+02 3.440308e+03 2.19331578 0.96876132 0.06547106
3.468488e+03 6.493460e+01 3.975283e+02 3.930951e+03 2.11645307 0.95948384 0.07180914
6.772967e+03 5.318561e+01 3.958091e+02 7.221962e+03 2.26731016 0.96352540 0.05657167
3.459400e+03 7.006125e+01 3.962554e+02 3.925716e+03 2.15634809 0.97731438 0.05363405
3.423673e+03 6.204018e+01 3.971689e+02 3.882882e+03 2.23303658 0.97138027 0.06994843
5.157728e+03 7.499730e+01 3.986805e+02 5.631406e+03 2.07892453 0.96586945 0.07693017
2.757193e+03 5.583495e+01 3.967463e+02 3.209774e+03 2.19190154 0.95645649 0.06720990
3.220297e+03 6.617662e+01 3.972872e+02 3.683761e+03 2.12113381 0.96211271 0.07091067
4.499107e+03 5.635756e+01 3.980633e+02 4.953527e+03 2.28544780 0.96808405 0.07271189
2.662251e+03 5.960508e+01 3.969221e+02 3.118778e+03 2.16523108 0.95896758 0.06850676
6.620750e+03 5.988326e+01 3.963393e+02 7.076972e+03 2.23266642 0.97286529 0.05165873
2.643660e+03 6.033882e+01 3.987115e+02 3.102710e+03 2.20194037 0.96338936 0.07528040
8.061258e+03 4.950697e+01 3.993910e+02 8.510156e+03 2.37543968 0.96478311 0.07538674
3.196822e+03 7.124818e+01 3.986283e+02 3.666698e+03 2.13808466 0.96973269 0.07654234
6.527875e+03 6.293120e+01 3.985961e+02 6.989402e+03 2.32808227 0.98349564 0.07572703
2.974094e+03 5.683924e+01 3.987420e+02 3.429675e+03 2.24031256 0.96274718 0.07487156
4.102625e+03 8.122918e+01 3.986305e+02 4.582484e+03 2.10123033 0.97606936 0.07766912
2.993679e+04 4.358352e+01 3.983593e+02 3.037873e+04 2.56890438 0.96783410 0.07036927
2.636034e+03 6.823335e+01 3.974615e+02 3.101729e+03 2.17289565 0.97175300 0.07202491
4.874725e+03 8.848703e+01 3.970749e+02 5.360287e+03 2.05428366 0.97857446 0.07216000
2.659287e+03 7.070514e+01 3.972148e+02 3.127207e+03 2.15816509 0.97322067 0.07124345
1.029172e+04 5.660449e+01 4.001326e+02 1.074845e+04 2.21857226 0.97080869 0.03547751
1.034894e+04 9.036529e+01 3.965828e+02 1.083589e+04 1.95602286 0.96649999 0.06918828
5.328195e+03 6.061239e+01 3.967893e+02 5.785597e+03 2.27722864 0.97527796 0.06804352
3.221559e+03 7.306075e+01 3.969800e+02 3.691600e+03 2.11082248 0.96984998 0.07040702
2.641152e+03 6.199059e+01 3.975901e+02 3.100733e+03 2.18418385 0.96443949 0.07166705
3.009018e+05 6.564685e+01 4.033905e+02 3.013709e+05 3.49992949 0.96404546 0.07169065
2.762256e+03 5.803180e+01 3.972445e+02 3.217532e+03 2.15769594 0.95512517 0.06962805
2.690658e+03 5.890401e+01 3.976977e+02 3.147260e+03 2.19882814 0.96156323 0.07153060
2.692299e+03 6.680855e+01 3.964828e+02 3.155591e+03 2.13934680 0.96659652 0.06686908
3.290043e+03 7.725312e+01 3.960303e+02 3.763327e+03 2.07806378 0.97217789 0.06386013
3.820248e+03 5.039204e+01 3.966462e+02 4.267286e+03 2.24642581 0.95307655 0.06563151
2.657640e+03 5.817696e+01 3.973888e+02 3.113206e+03 2.18409780 0.95870829 0.07033508
3.043084e+03 8.116707e+01 3.973810e+02 3.521632e+03 2.12237315 0.98032204 0.07301503
3.106854e+03 5.923992e+01 3.969649e+02 3.563059e+03 2.21859388 0.96535865 0.06873730
3.995714e+03 4.626429e+01 3.986485e+02 4.440627e+03 2.28678134 0.94707455 0.07216491
2.801064e+03 6.801527e+01 3.988789e+02 3.267958e+03 2.16680998 0.96934740 0.07702106
2.669914e+03 5.867697e+01 3.982507e+02 3.126842e+03 2.20345239 0.96133988 0.07351461
3.556052e+03 7.874205e+01 3.967593e+02 4.031553e+03 2.08889140 0.97377109 0.06957080
3.589969e+03 5.707557e+01 3.975690e+02 4.044614e+03 2.25069026 0.96533909 0.07096266
2.363910e+04 2.000000e+30 3.963538e+02 2.000000e+30 1.82287585 0.95837771 0.06841186
5.289774e+03 8.060585e+01 3.963815e+02 5.766762e+03 2.03420245 0.96856009 0.06741619
2.796061e+03 6.337101e+01 3.977228e+02 3.257155e+03 2.15524945 0.96242106 0.07238525
2.646290e+03 6.921205e+01 3.990090e+02 3.114511e+03 2.20041562 0.97536471 0.07757700
1.109273e+05 4.713726e+01 4.010135e+02 1.113754e+05 2.98568743 0.95289764 0.07075138
3.321258e+03 6.894516e+01 3.985774e+02 3.788781e+03 2.13306518 0.96620506 0.07593530
4.917343e+03 4.942437e+01 3.989548e+02 5.365722e+03 2.31324825 0.95753241 0.07401101
5.207485e+03 5.944616e+01 3.958725e+02 5.662804e+03 2.23613031 0.97061415 0.05838962
2.646569e+03 6.157251e+01 3.970558e+02 3.105197e+03 2.16793999 0.96222195 0.06926666
3.227239e+03 6.868508e+01 3.963643e+02 3.692289e+03 2.10026592 0.96382273 0.06646436
8.915353e+03 2.000000e+30 3.969461e+02 2.000000e+30 2.15622197 1.09886086 0.06959950
2.705747e+03 6.688949e+01 3.968035e+02 3.169440e+03 2.18005935 0.97174352 0.06876261
2.897806e+03 6.991709e+01 3.965631e+02 3.364286e+03 2.12090322 0.96797998 0.06777952
2.781667e+03 6.945370e+01 3.991645e+02 3.250285e+03 2.22194012 0.97842436 0.07815715
3.634378e+03 5.423521e+01 3.994517e+02 4.088065e+03 2.28044764 0.96282150 0.07661166
5.691608e+03 7.872636e+01 3.980681e+02 6.168402e+03 2.05823168 0.96766560 0.07533898
2.685728e+03 5.827787e+01 3.968144e+02 3.140820e+03 2.16064234 0.95638001 0.06776664
2.899150e+03 5.675217e+01 3.973932e+02 3.353295e+03 2.21518084 0.96043911 0.06999740
3.951689e+03 7.744342e+01 3.992047e+02 4.428337e+03 2.11490559 0.97331501 0.07913869
4.305499e+03 6.809402e+01 3.977142e+02 4.771307e+03 2.26426994 0.98341971 0.07318408
2.681479e+03 6.199436e+01 3.969246e+02 3.140398e+03 2.18323283 0.96501820 0.06886119
2.851995e+03 7.047864e+01 3.974729e+02 3.319946e+03 2.14108784 0.97029511 0.07225593
3.086377e+03 9.201434e+01 3.988409e+02 3.577232e+03 2.21384042 1.00262105 0.07997714
4.756791e+03 7.057352e+01 3.981433e+02 5.225508e+03 2.08395039 0.96172719 0.07466564
6.492730e+03 2.000000e+30 3.964998e+02 2.000000e+30 2.16629873 1.05823496 0.06531678
8.459044e+03 5.653477e+01 3.976205e+02 8.913199e+03 2.34915508 0.97653616 0.07125415
3.745325e+03 5.797349e+01 3.972210e+02 4.200519e+03 2.24927933 0.96697491 0.06971974
3.408653e+03 6.316603e+01 3.981293e+02 3.869949e+03 2.12845515 0.95812961 0.07366368
9.785875e+03 7.167982e+01 3.987932e+02 1.025635e+04 2.00810663 0.95150608 0.07666743
2.794589e+03 5.979012e+01 3.966254e+02 3.251005e+03 2.19106021 0.96306646 0.06702781
3.386356e+03 6.183986e+01 3.973246e+02 3.845520e+03 2.23475633 0.97112874 0.07063409
2.811517e+03 6.531995e+01 3.993560e+02 3.276192e+03 2.17338657 0.96628930 0.07801453
4.999882e+03 6.608604e+01 3.984066e+02 5.464374e+03 2.08507648 0.95586813 0.07494549
2.914898e+03 7.423768e+01 3.974850e+02 3.386621e+03 2.13482948 0.97403365 0.07273356
4.752660e+03 5.137678e+01 3.981612e+02 5.202198e+03 2.29680174 0.96012383 0.07190940
2.845909e+03 6.286484e+01 3.968269e+02 3.305601e+03 2.19759128 0.96832199 0.06856379
3.322808e+03 5.621089e+01 3.990425e+02 3.778061e+03 2.26182203 0.96422070 0.07570892
2.661094e+03 6.813194e+01 3.970307e+02 3.126257e+03 2.15567260 0.96976932 0.07012538
2.890672e+03 7.077144e+01 3.977352e+02 3.359179e+03 2.20968546 0.97968582 0.07357524
5.815120e+03 3.884955e+01 3.977518e+02 6.251721e+03 2.10182381 0.90144238 0.06655094
2.964352e+03 5.645089e+01 3.978082e+02 3.418611e+03 2.22701558 0.96105663 0.07172291
2.637970e+03 6.327767e+01 3.969899e+02 3.098237e+03 2.16978761 0.96501966 0.06935319
3.578583e+03 2.000000e+30 3.963510e+02 2.000000e+30 2.11847992 1.03512855 0.06804345
5.010825e+03 8.490898e+01 3.966109e+02 5.492345e+03 2.04317639 0.97404574 0.06926364
5.560842e+04 2.000000e+30 3.963482e+02 2.000000e+30 1.61377318 0.96644760 0.06929389
2.685508e+03 6.959763e+01 3.970672e+02 3.152173e+03 2.15083780 0.97099538 0.07038326
2.693800e+03 5.709376e+01 3.976762e+02 3.148570e+03 2.17503116 0.95550323 0.07116009
4.515180e+03 7.386685e+01 3.966043e+02 4.985651e+03 2.06188463 0.96441803 0.06840174
1.449129e+04 8.984287e+01 3.962684e+02 1.497740e+04 1.90531681 0.95859348 0.06726436
2.755423e+03 7.601457e+01 3.967760e+02 3.228214e+03 2.13345014 0.97687413 0.06959651
2.919688e+03 6.387114e+01 3.963785e+02 3.379937e+03 2.19085424 0.96958405 0.06604321
8.542591e+03 5.235360e+01 3.969874e+02 8.991932e+03 2.25075520 0.96270060 0.04623763
3.849831e+03 7.200414e+01 3.975640e+02 4.319399e+03 2.09888449 0.96617227 0.07280735
3.666564e+03 4.167511e+01 3.987167e+02 4.106956e+03 2.16339689 0.91929615 0.07077206
2.779618e+03 5.072357e+01 3.980835e+02 3.228425e+03 2.21535610 0.94876227 0.07156659
2.804455e+03 9.131939e+01 3.963773e+02 3.292152e+03 2.14544451 0.99590232 0.06795025
6.123188e+03 5.719444e+01 3.970877e+02 6.577470e+03 2.30234677 0.97244692 0.06908556
4.710962e+03 5.319310e+01 3.960408e+02 5.160196e+03 2.25044606 0.96017066 0.06194661
2.910670e+03 7.912433e+01 3.968409e+02 3.386635e+03 2.18540455 0.98753061 0.07036310
4.154953e+03 7.420089e+01 3.979180e+02 4.627072e+03 2.09355285 0.96772370 0.07430848
2.747807e+03 5.305867e+01 3.982366e+02 3.199102e+03 2.21515612 0.95317938 0.07255744
3.206973e+03 6.732042e+01 3.974384e+02 3.671731e+03 2.12299323 0.96375474 0.07161917
2.894073e+03 6.857986e+01 3.961449e+02 3.358797e+03 2.17565331 0.97469865 0.06430112
3.865131e+03 5.190756e+01 3.985579e+02 4.315597e+03 2.27801671 0.95865243 0.07334998
3.218378e+03 6.142816e+01 3.971849e+02 3.676991e+03 2.22621148 0.96951136 0.07008022
2.677840e+03 6.507928e+01 3.966172e+02 3.139537e+03 2.14690142 0.96499859 0.06759876
2.696455e+03 7.476627e+01 3.977848e+02 3.169006e+03 2.18744208 0.98154627 0.07423221
4.662338e+03 7.146211e+01 3.967457e+02 5.130546e+03 2.06257858 0.96140465 0.06878937
8.875560e+03 9.214969e+01 3.971054e+02 9.364815e+03 1.98519439 0.97177916 0.07244526
1.516458e+05 5.102969e+01 4.015087e+02 1.520983e+05 3.11925819 0.95649673 0.07086216
3.124126e+03 7.034584e+01 3.968861e+02 3.591358e+03 2.11489256 0.96720876 0.06953383
3.857964e+03 5.565031e+01 3.966187e+02 4.310233e+03 2.24303542 0.96284914 0.06652784
3.062512e+04 2.000000e+30 3.965923e+02 2.000000e+30 1.76410013 0.97732496 0.07155870
3.046062e+03 6.880307e+01 3.994904e+02 3.514355e+03 2.15751597 0.96865057 0.07888373
2.652910e+03 5.795085e+01 3.988173e+02 3.109678e+03 2.20466097 0.95993256 0.07516595
2.894444e+03 7.273444e+01 3.976871e+02 3.364866e+03 2.14011540 0.97274044 0.07335471
6.421830e+03 4.712521e+01 3.973953e+02 6.866351e+03 2.32319612 0.95405841 0.06818384
4.066397e+03 5.637330e+01 3.974462e+02 4.520217e+03 2.26387054 0.96592577 0.07030384
2.643892e+03 6.030070e+01 3.978181e+02 3.102011e+03 2.18584426 0.96189046 0.07233073
1.653116e+04 4.283922e+01 3.990629e+02 1.697307e+04 2.47698712 0.95655244 0.07227833
2.385612e+05 6.898737e+01 4.053963e+02 2.390356e+05 3.39790664 0.94498003 0.07385110
2.752416e+03 5.764958e+01 3.980841e+02 3.208150e+03 2.21356060 0.96112034 0.07281456
2.656341e+03 5.797150e+01 3.976926e+02 3.112005e+03 2.18563213 0.95831893 0.07140706
3.526735e+03 4.954421e+01 3.984339e+02 3.974713e+03 2.26610578 0.95238951 0.07239447
2.947392e+03 5.788988e+01 3.986044e+02 3.403887e+03 2.23620944 0.96405322 0.07462472
3.735369e+04 4.471727e+01 4.014958e+02 3.779991e+04 2.42415137 0.96271601 0.03025263
3.941886e+03 7.356547e+01 3.971420e+02 4.412593e+03 2.08779554 0.96700884 0.07110203
2.682547e+03 5.848211e+01 3.982967e+02 3.139326e+03 2.18212902 0.95820323 0.07353605
2.999368e+03 9.113497e+01 3.980635e+02 3.488566e+03 2.13421454 0.99152561 0.07673249
2.770778e+03 5.306289e+01 4.001304e+02 3.223972e+03 2.20148057 0.95033649 0.07799151
4.144323e+03 5.423313e+01 3.991589e+02 4.597715e+03 2.29238597 0.96447685 0.07570979
2.647400e+03 6.648877e+01 3.976291e+02 3.111518e+03 2.17020226 0.96888665 0.07245302
3.107317e+03 5.630415e+01 3.974571e+02 3.561078e+03 2.22943897 0.96141503 0.07035936
3.717550e+03 6.293881e+01 3.975641e+02 4.178053e+03 2.10972649 0.95573890 0.07153727
3.241889e+03 2.000000e+30 3.971713e+02 2.000000e+30 2.03018711 1.02371117 0.05465836
3.263451e+03 6.720649e+01 3.999250e+02 3.730583e+03 2.15313537 0.96566457 0.07986446
3.462017e+03 3.799016e+01 4.004474e+02 3.900454e+03 2.21584862 0.90896779 0.07335407
3.784373e+03 6.090338e+01 3.983856e+02 4.243662e+03 2.26611219 0.97279696 0.07453366
7.066787e+03 4.949082e+01 3.975708e+02 7.513849e+03 2.33464608 0.96093233 0.06949748
4.238402e+03 7.578277e+01 3.972673e+02 4.711452e+03 2.07987247 0.96836813 0.07178015
2.705240e+03 5.826592e+01 3.995032e+02 3.163009e+03 2.19324757 0.95847360 0.07727703
2.889273e+03 7.606013e+01 3.969567e+02 3.362290e+03 2.12552361 0.97559037 0.07039578
2.914880e+03 6.107736e+01 3.958476e+02 3.371805e+03 2.17053600 0.96417727 0.06026885
2.878840e+03 4.576008e+01 3.990282e+02 3.323629e+03 2.23290071 0.93924937 0.07314598
2.749640e+03 6.750947e+01 3.985998e+02 3.215750e+03 2.16823289 0.96909908 0.07606202
4.132027e+03 6.887787e+01 3.994966e+02 4.600402e+03 2.11798842 0.96325405 0.07887146
2.697360e+03 5.464314e+01 3.986776e+02 3.150680e+03 2.21330680 0.95554950 0.07418798
6.771008e+04 4.230187e+01 3.984698e+02 6.815085e+04 2.77118045 0.97296054 0.06905902
4.269597e+03 5.600737e+01 3.976706e+02 4.723275e+03 2.27325722 0.96628767 0.07107852
5.224855e+03 7.018902e+01 3.983081e+02 5.693352e+03 2.07592745 0.95995979 0.07513081
3.698483e+03 4.759690e+01 3.985622e+02 4.144642e+03 2.14398612 0.93277341 0.07211718
2.728569e+03 6.497374e+01 3.970995e+02 3.190642e+03 2.19064295 0.97011583 0.07006360
2.930769e+03 5.151708e+01 3.984934e+02 3.380780e+03 2.23595767 0.95270856 0.07297812
2.873755e+03 7.249241e+01 3.960009e+02 3.342248e+03 2.16337996 0.97857473 0.06296036
5.432277e+03 5.198746e+01 3.979051e+02 5.882169e+03 2.30731409 0.96279715 0.07115664
3.228843e+03 7.071686e+01 3.967233e+02 3.696283e+03 2.10675615 0.96675594 0.06877748
2.655921e+03 5.740274e+01 3.984084e+02 3.111733e+03 2.19709425 0.95831592 0.07387397
2.819619e+03 7.090061e+01 3.974379e+02 3.287958e+03 2.14263477 0.97108393 0.07214785
3.068719e+03 4.060232e+01 4.017425e+02 3.511064e+03 2.23603674 0.92347081 0.07808087
2.644448e+03 6.253241e+01 3.986126e+02 3.105593e+03 2.18855907 0.96496081 0.07528729
3.870416e+03 5.355415e+01 3.973123e+02 4.321282e+03 2.25817113 0.96024242 0.06924378
4.518856e+03 8.437808e+01 3.968405e+02 5.000075e+03 2.05984742 0.97555020 0.07054054
3.259987e+03 7.098268e+01 3.975566e+02 3.728526e+03 2.12078215 0.96797389 0.07277362
7.011366e+03 4.591465e+01 3.994050e+02 7.456685e+03 2.36294877 0.95458174 0.07438974
3.198041e+03 5.456763e+01 3.997438e+02 3.652352e+03 2.16611008 0.94861278 0.07717799
2.851440e+03 5.859768e+01 3.977475e+02 3.307786e+03 2.21737532 0.96340248 0.07189912
8.932165e+03 8.467534e+01 3.961190e+02 9.412959e+03 2.28709067 1.00898202 0.06513311
4.034563e+03 7.628551e+01 3.983394e+02 4.509188e+03 2.10185278 0.97091114 0.07613585
2.734950e+03 6.169848e+01 3.972288e+02 3.193878e+03 2.15488369 0.96044928 0.07008500
2.970809e+03 7.497675e+01 3.970883e+02 3.442874e+03 2.19849144 0.98414825 0.07113284
3.684100e+03 5.832886e+01 3.968084e+02 4.139238e+03 2.23888473 0.96668796 0.06783043
7.239126e+03 8.826209e+01 3.988239e+02 7.726212e+03 2.03648644 0.97372558 0.07894182
2.864103e+03 5.773444e+01 3.960904e+02 3.317928e+03 2.13767245 0.95663618 0.05224914
2.646237e+03 6.131701e+01 3.980878e+02 3.105642e+03 2.18376094 0.96292801 0.07342595
3.548066e+03 7.466071e+01 3.967391e+02 4.019465e+03 2.09214992 0.96947995 0.06929859
3.391791e+03 5.797930e+01 3.979387e+02 3.847709e+03 2.24798329 0.96621467 0.07238479
2.700194e+03 7.576405e+01 3.978095e+02 3.173768e+03 2.15997873 0.97895884 0.07431713
2.727485e+03 5.776114e+01 3.976194e+02 3.182865e+03 2.20329179 0.96036026 0.07109834
2.790157e+03 7.327169e+01 3.966087e+02 3.260037e+03 2.12800815 0.97307073 0.06847594
3.225959e+03 5.797626e+01 3.966243e+02 3.680560e+03 2.21743947 0.96360271 0.06669951
3.788537e+03 4.974993e+01 4.011191e+02 4.239406e+03 2.30692980 0.95655263 0.07984825
2.638611e+03 6.653742e+01 3.970208e+02 3.102169e+03 2.17136763 0.96979199 0.06984092
2.793902e+03 7.511959e+01 3.967739e+02 3.265795e+03 2.10326372 0.97762645 0.05022192
2.636084e+03 6.830881e+01 3.969584e+02 3.101351e+03 2.16377416 0.97119971 0.06980951
2.719715e+03 7.408971e+01 3.969348e+02 3.190739e+03 2.14193064 0.97550837 0.07032573
4.991420e+03 8.118823e+01 3.982098e+02 5.470818e+03 2.07341431 0.97242339 0.07615393
3.278146e+03 7.072085e+01 3.969094e+02 3.745776e+03 2.21436327 0.98123155 0.06985603
5.465916e+03 6.085411e+01 3.979392e+02 5.924709e+03 2.17616789 0.96996433 0.04330640
3.695147e+03 6.284523e+01 3.992398e+02 4.157232e+03 2.27259640 0.97592981 0.07748029
2.877680e+03 7.155550e+01 3.964969e+02 3.345732e+03 2.11951044 0.96997059 0.06756107
3.076709e+03 6.371770e+01 3.983979e+02 3.538824e+03 2.23632777 0.97312111 0.07494756
7.375228e+03 8.615890e+01 3.973622e+02 7.858749e+03 2.01396899 0.96987801 0.07306063
2.855979e+04 4.320130e+01 3.988796e+02 2.900187e+04 2.56802534 0.96625317 0.07181537
2.790351e+03 7.557737e+01 3.990059e+02 3.264934e+03 2.16569778 0.97845469 0.07831034
4.444727e+03 5.799875e+01 3.969927e+02 4.899718e+03 2.26366928 0.96912914 0.06849759
2.768337e+03 6.648691e+01 3.978708e+02 3.232695e+03 2.20611247 0.97347143 0.07342044
2.899202e+03 6.804339e+01 3.972861e+02 3.364531e+03 2.13631345 0.96671303 0.07113439
3.829413e+03 6.308067e+01 4.010068e+02 4.293501e+03 2.09462293 0.96623003 0.03322556
2.733660e+03 6.964353e+01 3.968990e+02 3.200203e+03 2.18273864 0.97561212 0.06964166
3.106284e+03 7.657091e+01 3.959353e+02 3.578790e+03 2.06243400 0.97108720 0.05758060
2.905740e+03 6.780953e+01 3.976179e+02 3.371168e+03 2.14161003 0.96676541 0.07251377
3.012297e+03 5.684567e+01 3.989128e+02 3.468056e+03 2.24488299 0.96322276 0.07543566
2.683816e+03 7.506260e+01 3.977128e+02 3.156592e+03 2.18341566 0.98143753 0.07393256
3.130576e+03 6.309314e+01 3.971968e+02 3.590866e+03 2.22079794 0.97128627 0.07031878
4.752563e+03 6.792617e+01 3.986193e+02 5.219109e+03 2.28882728 0.98556197 0.07642537
2.760539e+03 6.900714e+01 3.963010e+02 3.225847e+03 2.12569222 0.96792628 0.06605190
2.642454e+03 7.138755e+01 3.973148e+02 3.111156e+03 2.16747401 0.97523633 0.07177747
2.860355e+03 5.658459e+01 3.967714e+02 3.313711e+03 2.20147841 0.95898547 0.06735603
3.617487e+03 7.018301e+01 3.967180e+02 4.084388e+03 2.09218565 0.96404392 0.06863168
4.484286e+04 4.204312e+01 3.995622e+02 4.528447e+04 2.67738237 0.96882020 0.07279557
5.887774e+03 4.967783e+01 3.990498e+02 6.336501e+03 2.33444968 0.96055392 0.07434776
1.968181e+05 5.323445e+01 4.010407e+02 1.972724e+05 3.23121617 0.96482290 0.06965764
3.679655e+03 6.196293e+01 3.974192e+02 4.139037e+03 2.24678726 0.97276934 0.07108795
3.020696e+03 6.754051e+01 3.995512e+02 3.487788e+03 2.16034454 0.96735747 0.07886135
8.522350e+03 4.400789e+01 3.999025e+02 8.966261e+03 2.39474989 0.95238438 0.07516328
2.657176e+03 5.683639e+01 3.995050e+02 3.113517e+03 2.20759860 0.95803762 0.07704029
3.137617e+03 6.596425e+01 3.975244e+02 3.601106e+03 2.12908832 0.96265675 0.07191110
1.023235e+04 9.426215e+01 3.967085e+02 1.072332e+04 1.95913894 0.97041181 0.07050687
4.875109e+03 8.746412e+01 3.964699e+02 5.359043e+03 2.04141134 0.97668662 0.06858959
2.680186e+03 6.471240e+01 3.980267e+02 3.142925e+03 2.17097922 0.96616991 0.07370572
3.662116e+03 5.372546e+01 3.981664e+02 4.114008e+03 2.26461163 0.96071965 0.07244417
3.922474e+03 2.000000e+30 3.972523e+02 2.000000e+30 2.10808042 1.05366956 0.07800677
3.241481e+03 6.355538e+01 3.970265e+02 3.702063e+03 2.22208909 0.97232910 0.06958660
3.140061e+03 2.000000e+30 3.966375e+02 2.000000e+30 2.14922023 1.01546317 0.07121095
2.774934e+03 5.535901e+01 3.969571e+02 3.227250e+03 2.19732401 0.95614526 0.06792556
2.920881e+03 5.803619e+01 3.989845e+02 3.377902e+03 2.23945448 0.96444311 0.07585257
4.572564e+03 7.670363e+01 3.976001e+02 5.046868e+03 2.07625573 0.96851972 0.07326651
2.667104e+03 7.770034e+01 3.969061e+02 3.141711e+03 2.15292495 0.98135702 0.07045285
2.087970e+04 2.000000e+30 3.975550e+02 2.000000e+30 1.86789663 0.96155934 0.07492443
6.912345e+03 5.779077e+01 3.966192e+02 7.366755e+03 2.30505817 0.97433602 0.06683782
2.675644e+03 6.173897e+01 3.976382e+02 3.135021e+03 2.19511965 0.96545988 0.07187911
3.884591e+03 7.399304e+01 3.995977e+02 4.358182e+03 2.12327308 0.97020052 0.07986737
2.698239e+03 5.671718e+01 3.971862e+02 3.152143e+03 2.16807202 0.95439964 0.06917889
4.476656e+03 5.266144e+01 3.964587e+02 4.925776e+03 2.25839334 0.95942238 0.06496133
2.842763e+03 6.851582e+01 3.979212e+02 3.309200e+03 2.21132104 0.97681495 0.07396267
4.197283e+03 7.187128e+01 3.971303e+02 4.666285e+03 2.08116761 0.96404842 0.07074187
3.324806e+03 7.182098e+01 3.986557e+02 3.795283e+03 2.13284434 0.96967012 0.07676214
2.645603e+03 6.301976e+01 3.976288e+02 3.106251e+03 2.18720827 0.96631227 0.07198108
4.045897e+03 5.199865e+01 3.984091e+02 4.496305e+03 2.28166411 0.95935742 0.07295603
2.715322e+03 6.464634e+01 3.997034e+02 3.179671e+03 2.22646854 0.97218652 0.07907333
3.592217e+03 5.852766e+01 3.972685e+02 4.048013e+03 2.11410976 0.94999899 0.06975569
6.004276e+03 2.000000e+30 3.968715e+02 2.000000e+30 2.15427287 1.07719276 0.07468406
2.697625e+03 6.122916e+01 3.994772e+02 3.158331e+03 2.19012817 0.96261917 0.07776100
3.776837e+03 6.696671e+01 3.966347e+02 4.240438e+03 2.22982446 0.97868032 0.06802953
2.656541e+03 6.650063e+01 3.973659e+02 3.120408e+03 2.16322482 0.96825903 0.07127430
4.720890e+03 6.792459e+01 3.967441e+02 5.185559e+03 2.06505041 0.95717759 0.06868780
3.220655e+03 7.589054e+01 3.974091e+02 3.693955e+03 2.11660422 0.97351098 0.07259925
3.756082e+03 5.520190e+01 3.984949e+02 4.209779e+03 2.27111105 0.96399395 0.07380207
7.848395e+03 5.643571e+01 3.994551e+02 8.304286e+03 2.19720984 0.96707590 0.03757032
9.293759e+03 8.020048e+01 3.982443e+02 9.772204e+03 2.00288808 0.96094749 0.07589848
5.991201e+03 4.715486e+01 3.979671e+02 6.436323e+03 2.32422728 0.95396065 0.07027961
3.996564e+03 6.085839e+01 3.964210e+02 4.453843e+03 2.23693214 0.97102001 0.06600307
2.696888e+03 6.532585e+01 3.965417e+02 3.158755e+03 2.14263652 0.96484159 0.06731918
2.678568e+03 6.975321e+01 3.973126e+02 3.145633e+03 2.18273406 0.97526842 0.07146887
4.000823e+03 6.597628e+01 3.970000e+02 4.463800e+03 2.08955795 0.95774780 0.06963725
2.886089e+03 6.124408e+01 3.977995e+02 3.345132e+03 2.21887265 0.96767920 0.07251028
7.665209e+04 2.000000e+30 3.968834e+02 2.000000e+30 1.53218736 0.96147622 0.07448339
2.962571e+03 7.112955e+01 3.988716e+02 3.432572e+03 2.15328468 0.97149247 0.07730626
3.933329e+03 5.732291e+01 3.982541e+02 4.388906e+03 2.27180519 0.96788860 0.07347230
5.373927e+03 7.546290e+01 3.966859e+02 5.846076e+03 2.04316123 0.96348473 0.06887866
3.694760e+03 5.629772e+01 3.976468e+02 4.148704e+03 2.11892055 0.94668922 0.07086470
2.875980e+03 4.992279e+01 3.982815e+02 3.324184e+03 2.17825482 0.94232023 0.07183601
4.741906e+03 2.000000e+30 3.972007e+02 2.000000e+30 2.21683124 1.02998220 0.07557955
2.653723e+03 7.508029e+01 3.968912e+02 3.125694e+03 2.15793008 0.97900775 0.07010108
3.044312e+03 5.294625e+01 3.985122e+02 3.495770e+03 2.24301192 0.95634728 0.07331549
2.849772e+03 7.574448e+01 3.960267e+02 3.321543e+03 2.10133073 0.97379997 0.06352614
2.752730e+03 6.080648e+01 3.997837e+02 3.213320e+03 2.18754653 0.96144966 0.07852421
2.904618e+03 6.808815e+01 3.987666e+02 3.371473e+03 2.15757082 0.96828137 0.07661346
1.885132e+04 2.000000e+30 3.966854e+02 2.000000e+30 2.29355256 1.09087798 0.06841564
2.703420e+03 5.277822e+01 3.990256e+02 3.155224e+03 2.21624460 0.95232311 0.07485103
2.795129e+03 6.702965e+01 3.964807e+02 3.258639e+03 2.12869833 0.96541197 0.06694303
3.718147e+03 6.012149e+01 3.977506e+02 4.176019e+03 2.25568681 0.97074607 0.07224908
2.774893e+03 5.906517e+01 4.004313e+02 3.234390e+03 2.19414318 0.95928543 0.07993363
4.598272e+03 7.239586e+01 3.971235e+02 5.067791e+03 2.07069890 0.96318903 0.07079460
2.673017e+03 7.412191e+01 3.967433e+02 3.143882e+03 2.14506624 0.97627348 0.06929233
1.058901e+05 4.354312e+01 4.010439e+02 1.063347e+05 2.96059447 0.96841603 0.07325656
2.940756e+03 2.000000e+30 3.967466e+02 2.000000e+30 2.11495049 0.99903902 0.07136914
2.805861e+03 6.100592e+01 3.967798e+02 3.263647e+03 2.19454055 0.96521343 0.06798878
3.310491e+03 5.376397e+01 3.974853e+02 3.761740e+03 2.24108573 0.95833468 0.07004021
2.673704e+03 6.909824e+01 3.979561e+02 3.140758e+03 2.16790340 0.97171024 0.07403016
3.798906e+03 6.838901e+01 3.975781e+02 4.264873e+03 2.10333820 0.96221908 0.07245248
5.554324e+03 6.803845e+01 3.991868e+02 6.021549e+03 2.31347647 0.98841644 0.07831433
7.263965e+03 5.178852e+01 3.993822e+02 7.715136e+03 2.36081475 0.96792257 0.07592408
3.723740e+03 5.240221e+01 3.958666e+02 4.172009e+03 2.21395395 0.95461871 0.05940859
2.672164e+03 7.424542e+01 3.967178e+02 3.143128e+03 2.14428985 0.97638017 0.06907116
5.354654e+03 8.399876e+01 3.968752e+02 5.835527e+03 2.04256544 0.97252546 0.07077518
3.191176e+03 5.695983e+01 3.988001e+02 3.646936e+03 2.25210668 0.96442903 0.07503061
2.750365e+03 6.031570e+01 3.993666e+02 3.210048e+03 2.18366225 0.96046824 0.07724381
2.829326e+03 6.282378e+01 3.978786e+02 3.290029e+03 2.21409907 0.96937340 0.07286711
2.784970e+03 8.021538e+01 3.970477e+02 3.262233e+03 2.13533555 0.98151605 0.07147894
3.450095e+03 7.122046e+01 3.965008e+02 3.917816e+03 2.09237356 0.96573520 0.06748795
3.768605e+03 5.151346e+01 3.988082e+02 4.218926e+03 2.27828943 0.95776907 0.07398955
2.794610e+03 6.832748e+01 3.962233e+02 3.259161e+03 2.17314334 0.97371306 0.06537635
4.082005e+03 5.552447e+01 3.960127e+02 4.533542e+03 2.23114980 0.96216378 0.06207131
2.641642e+03 6.681701e+01 3.969988e+02 3.105458e+03 2.16127111 0.96882045 0.06979540
2.706231e+03 6.034621e+01 3.977245e+02 3.164302e+03 2.20152431 0.96413062 0.07194165
3.260973e+03 5.733262e+01 3.970811e+02 3.715386e+03 2.12517978 0.94979082 0.06874770
3.580813e+03 5.204672e+01 3.976995e+02 4.030560e+03 2.25626839 0.95678615 0.07052210
3.439596e+03 7.856284e+01 3.991747e+02 3.917334e+03 2.09168015 0.98386296 0.04043231
2.696748e+03 6.520056e+01 3.987375e+02 3.160686e+03 2.17778864 0.96716295 0.07620302
5.015919e+03 5.761229e+01 3.981374e+02 5.471669e+03 2.29668796 0.97160205 0.07303990
2.694303e+03 6.762727e+01 3.994563e+02 3.161387e+03 2.21798384 0.97528962 0.07879477
3.023387e+03 6.296966e+01 3.983859e+02 3.484742e+03 2.14960439 0.96051558 0.07458745
4.872491e+03 7.529213e+01 3.972251e+02 5.345009e+03 2.06412681 0.96557189 0.07154635
3.078740e+03 7.029939e+01 3.963413e+02 3.545381e+03 2.19338352 0.97871506 0.06674014
3.271155e+03 5.994989e+01 3.971802e+02 3.728285e+03 2.12332492 0.95356725 0.06960230
4.117749e+03 5.414905e+01 3.963191e+02 4.568217e+03 2.24365047 0.96064441 0.06429941
2.653776e+03 6.769734e+01 3.976187e+02 3.119092e+03 2.16718062 0.97013149 0.07247740
3.142669e+03 5.977966e+01 3.968020e+02 3.599251e+03 2.21649546 0.96614404 0.06799566
5.580787e+04 2.000000e+30 3.974688e+02 2.000000e+30 1.63704536 0.97078296 0.07783215
3.333803e+03 6.225920e+01 3.982763e+02 3.794339e+03 2.13426276 0.95749598 0.07405506
6.665610e+03 5.311696e+01 3.958163e+02 7.114543e+03 2.26320835 0.96303090 0.05598559
5.883392e+03 8.746066e+01 3.967732e+02 6.367626e+03 2.02790771 0.97412129 0.07040800
4.785651e+03 7.503246e+01 3.993550e+02 5.260038e+03 2.09591381 0.96774184 0.07920665
2.698610e+03 6.056794e+01 3.987267e+02 3.157905e+03 2.18217269 0.96108484 0.07542922
2.791083e+03 6.622141e+01 3.973799e+02 3.254684e+03 2.14751051 0.96569743 0.07136729
3.414116e+03 6.761206e+01 3.968672e+02 3.878595e+03 2.22155010 0.97817126 0.06921963
6.985714e+03 5.434135e+01 3.982920e+02 7.438347e+03 2.33913520 0.97090731 0.07307810
4.482463e+03 4.936996e+01 3.979156e+02 4.929749e+03 2.28891170 0.95503780 0.07076671
2.762514e+03 6.080192e+01 3.964550e+02 3.219771e+03 2.18297577 0.96384600 0.06607370
4.399322e+03 6.735482e+01 3.991098e+02 4.865787e+03 2.10692220 0.96006045 0.07736709
3.219545e+03 6.029846e+01 3.977526e+02 3.677596e+03 2.23711050 0.96862078 0.07230432
2.642182e+03 7.183113e+01 3.966023e+02 3.110615e+03 2.15270245 0.97474993 0.06822184
2.638426e+03 6.126234e+01 3.990785e+02 3.098767e+03 2.19956495 0.96419825 0.07658848
3.284347e+03 5.186874e+01 3.996103e+02 3.735826e+03 2.26971576 0.95697832 0.07642173
2.713671e+03 5.270787e+01 3.997879e+02 3.166167e+03 2.20760003 0.95065992 0.07697158
3.428454e+03 4.405858e+01 4.014250e+02 3.873937e+03 2.19181276 0.92906891 0.07869199
2.982167e+03 5.563008e+01 3.993605e+02 3.437158e+03 2.24911581 0.96142841 0.07646142
3.513672e+03 6.343566e+01 3.986422e+02 3.975750e+03 2.13089254 0.95842950 0.07538769
2.661981e+03 6.035880e+01 3.990287e+02 3.121368e+03 2.21274917 0.96459077 0.07637813
5.482999e+03 7.322741e+01 3.990549e+02 5.955281e+03 2.07835033 0.96334559 0.07803393
3.862277e+03 4.797072e+01 4.011474e+02 4.311395e+03 2.31062834 0.95308366 0.07942128
2.830708e+03 6.583573e+01 3.993477e+02 3.295892e+03 2.17148256 0.96673480 0.07808756
2.876489e+03 6.151126e+01 3.971874e+02 3.335188e+03 2.14219041 0.95850922 0.06981284
3.535674e+03 5.595914e+01 3.970963e+02 3.988730e+03 2.24168031 0.96270144 0.06885842
2.662624e+03 6.620135e+01 3.988660e+02 3.127691e+03 2.18374211 0.96925737 0.07666797
1.001835e+04 7.581569e+01 3.982218e+02 1.049239e+04 1.99600674 0.95504488 0.07536735
1.338625e+04 4.644238e+01 4.003666e+02 1.383306e+04 2.45627146 0.96593032 0.07723177
3.344806e+03 6.658105e+01 3.964822e+02 3.807870e+03 2.09991498 0.96078845 0.06691120
3.038922e+03 6.403342e+01 3.971510e+02 3.500106e+03 2.21468478 0.97189170 0.07027065
2.652795e+03 6.589496e+01 3.966039e+02 3.115294e+03 2.15080953 0.96667506 0.06765659
3.935720e+03 5.213254e+01 3.989163e+02 4.386769e+03 2.28518685 0.95975081 0.07461224
3.835392e+03 2.000000e+30 3.966253e+02 2.000000e+30 2.06372890 1.00324704 0.07129895
8.552095e+04 4.288856e+01 3.993958e+02 8.596324e+04 2.86519254 0.96287808 0.06941133
2.655252e+03 6.509214e+01 3.993106e+02 3.119655e+03 2.19158534 0.96845917 0.07788528
4.280996e+03 6.994931e+01 3.998608e+02 4.750806e+03 2.11700504 0.96422477 0.07997373
3.790257e+03 5.213366e+01 3.971475e+02 4.239539e+03 2.25411384 0.95712457 0.06834321
2.666628e+03 6.893790e+01 3.974424e+02 3.133008e+03 2.16104033 0.97109896 0.07195749
6.180119e+03 5.670267e+01 3.965447e+02 6.633366e+03 2.22102321 0.96654356 0.04941369
3.055870e+03 6.746111e+01 3.958933e+02 3.519224e+03 2.17294562 0.97374140 0.06099541
3.355550e+03 6.668040e+01 3.971946e+02 3.819425e+03 2.11332922 0.96182641 0.07051193
2.684853e+03 5.344413e+01 3.992647e+02 3.137562e+03 2.21297227 0.95299164 0.07568651
4.976423e+03 5.669696e+01 3.971332e+02 5.430253e+03 2.28091021 0.96889134 0.06914741
3.085969e+03 6.675899e+01 3.979721e+02 3.550700e+03 2.13730311 0.96444570 0.07363905
3.208481e+03 5.332825e+01 3.978854e+02 3.659694e+03 2.24231918 0.95740575 0.07126957
2.921622e+03 8.042544e+01 3.964236e+02 3.398471e+03 2.05175972 0.97552739 0.05316957
7.137602e+03 4.809320e+01 3.992405e+02 7.584936e+03 2.36071509 0.95989640 0.07456430
3.055647e+03 5.391017e+01 4.005188e+02 3.510076e+03 2.18204484 0.94914684 0.07904276
2.700750e+03 6.957110e+01 3.970131e+02 3.167334e+03 2.14740949 0.97057611 0.07005482
5.628323e+03 5.787554e+01 3.968817e+02 6.083080e+03 2.20179164 0.96675974 0.04763174
3.698882e+03 8.477698e+01 3.972047e+02 4.180864e+03 2.09071668 0.97985998 0.07262575
3.938048e+03 5.631138e+01 3.964962e+02 4.390856e+03 2.24131447 0.96398903 0.06578131
2.642168e+03 6.974019e+01 3.964995e+02 3.108408e+03 2.15789364 0.97295701 0.06744639
3.830989e+03 3.751519e+01 4.023636e+02 4.270868e+03 2.31559216 0.91411838 0.07711057
3.458848e+03 6.558557e+01 3.975288e+02 3.921963e+03 2.11609051 0.96033800 0.07185308
2.669409e+03 5.586316e+01 3.984676e+02 3.123740e+03 2.19597834 0.95556184 0.07375203
3.731208e+03 5.681920e+01 3.990237e+02 4.187051e+03 2.27615410 0.96706934 0.07580323
2.645435e+03 6.736473e+01 3.967802e+02 3.109580e+03 2.16823811 0.97081859 0.06869581
2.926206e+03 5.762688e+01 3.974859e+02 3.381319e+03 2.21885566 0.96225025 0.07071058
3.940802e+03 7.459572e+01 3.967986e+02 4.412197e+03 2.08093189 0.96770775 0.06960084
1.339677e+05 4.324672e+01 4.022007e+02 1.344132e+05 3.05303353 0.99426656 0.07838817
2.845901e+03 7.500152e+01 3.974572e+02 3.318360e+03 2.13897693 0.97554363 0.07274123
2.678118e+03 5.871528e+01 3.986251e+02 3.135459e+03 2.18654895 0.95891405 0.07464137
3.097588e+03 5.773879e+01 3.977335e+02 3.553061e+03 2.23273378 0.96399540 0.07174550
2.729687e+05 5.963595e+01 4.009659e+02 2.734293e+05 3.40507756 0.96925141 0.06825678
2.306535e+04 4.129036e+01 3.989339e+02 2.350557e+04 2.53391312 0.95387974 0.07090329
3.432629e+03 6.827922e+01 3.978236e+02 3.898731e+03 2.11935578 0.96408702 0.07333618
8.209770e+03 7.659801e+01 3.985013e+02 8.684869e+03 2.02320863 0.95973570 0.07642939
4.784004e+03 6.033215e+01 3.965747e+02 5.240911e+03 2.26096789 0.97305772 0.06682073
2.687585e+03 7.421666e+01 3.988037e+02 3.160605e+03 2.17663154 0.97849128 0.07762113
3.071533e+03 6.117396e+01 3.971057e+02 3.529813e+03 2.21806998 0.96814626 0.06969778
2.695868e+03 6.426966e+01 3.976348e+02 3.157772e+03 2.16323107 0.96487598 0.07213753
3.795003e+03 6.345697e+01 3.986549e+02 4.257115e+03 2.12162426 0.95716632 0.07543440
1.194731e+04 2.000000e+30 3.971234e+02 2.000000e+30 1.93804495 0.98406193 0.07400716
2.834717e+03 6.502866e+01 3.972649e+02 3.297011e+03 2.20259906 0.97162386 0.07071559
5.140916e+03 5.181444e+01 3.973287e+02 5.590059e+03 2.29254420 0.96105129 0.06903933
6.674840e+03 7.947080e+01 3.994646e+02 7.153775e+03 2.05737063 0.96710984 0.07992683
2.719833e+03 6.343688e+01 3.966467e+02 3.179917e+03 2.14357814 0.96218117 0.06751251
3.264266e+03 4.812069e+01 3.978006e+02 3.710187e+03 2.24628247 0.94715928 0.06992357
3.566827e+03 7.875950e+01 3.974227e+02 4.043009e+03 2.10111792 0.97461979 0.07280096
2.633682e+03 6.537238e+01 3.983125e+02 3.097367e+03 2.18927211 0.96930664 0.07478799
2.647719e+03 7.169687e+01 3.986569e+02 3.118072e+03 2.19114677 0.97753597 0.07680327
2.917091e+03 7.115559e+01 3.981734e+02 3.386420e+03 2.14687515 0.97124003 0.07500859
2.919739e+03 7.050363e+01 3.993159e+02 3.389559e+03 2.23321506 0.98113814 0.07882428
5.748752e+03 5.674499e+01 3.994515e+02 6.204948e+03 2.33060804 0.97343578 0.07714857
2.910729e+03 6.363725e+01 3.961630e+02 3.370529e+03 2.18448674 0.96878948 0.06454842
4.282620e+03 8.260267e+01 3.981194e+02 4.763342e+03 2.08837635 0.97621211 0.07595066
6.148882e+03 5.766791e+01 3.958356e+02 6.602385e+03 2.25610255 0.97014205 0.05824514
2.958393e+03 6.726282e+01 3.983686e+02 3.424024e+03 2.14944919 0.96642544 0.07514189
2.702900e+03 6.520709e+01 3.992563e+02 3.167364e+03 2.21877068 0.97228163 0.07776438
2.684212e+03 6.420929e+01 3.981606e+02 3.146582e+03 2.17271333 0.96558093 0.07410625
2.928995e+03 7.042680e+01 3.966615e+02 3.396084e+03 2.12012529 0.96841076 0.06823469
2.749266e+03 5.927309e+01 3.976260e+02 3.206165e+03 2.20519570 0.96304808 0.07132214
5.427884e+03 6.108537e+01 3.971848e+02 5.886154e+03 2.28703413 0.97678532 0.07007378
3.097974e+04 2.000000e+30 3.974766e+02 2.000000e+30 1.78306351 0.97157184 0.07629977
5.841975e+03 5.863520e+01 4.004799e+02 6.301090e+03 2.15010677 0.96596313 0.03454838
4.528291e+03 7.187261e+01 3.967850e+02 4.996949e+03 2.06654041 0.96240277 0.06911621
3.446210e+03 6.005478e+01 3.976789e+02 3.903944e+03 2.24418791 0.96928410 0.07171853
2.661369e+03 7.004432e+01 3.991679e+02 3.130581e+03 2.18677722 0.97444500 0.07824296
3.716866e+03 6.518136e+01 3.983579e+02 4.180405e+03 2.11867324 0.95941027 0.07465548
1.659987e+05 4.979630e+01 4.023194e+02 1.664509e+05 3.16629222 0.96504850 0.07332906
3.571268e+03 6.967551e+01 3.963303e+02 4.037274e+03 2.21235388 0.98053938 0.06632991
4.793553e+03 6.205105e+01 3.977341e+02 5.253338e+03 2.16457478 0.97002933 0.04420571
3.605638e+03 2.000000e+30 3.970198e+02 2.000000e+30 2.10864503 1.04195349 0.07587634
3.796466e+03 5.058396e+01 3.978713e+02 4.244921e+03 2.26710813 0.95504914 0.07077593
1.279455e+04 4.767637e+01 3.972896e+02 1.323952e+04 2.40556093 0.96475784 0.06793602
3.129328e+03 6.499565e+01 3.969047e+02 3.591228e+03 2.21375524 0.97342181 0.06928677
2.662625e+03 6.071517e+01 3.960464e+02 3.119386e+03 2.15514043 0.96079832 0.06300675
2.634511e+03 6.486675e+01 3.976187e+02 3.096996e+03 2.17976400 0.96793800 0.07226544
4.698150e+03 7.830834e+01 3.974502e+02 5.173908e+03 2.07018923 0.96961925 0.07288089
3.085961e+03 7.495131e+01 3.973658e+02 3.558278e+03 2.12256508 0.97331205 0.07226283
6.565160e+03 9.294541e+01 3.973608e+02 7.055466e+03 2.02431548 0.97809380 0.07381652
5.656594e+04 4.170498e+01 3.995110e+02 5.700715e+04 2.73771579 0.96825020 0.07185842
2.663738e+03 7.123141e+01 3.970914e+02 3.132061e+03 2.17403274 0.97624343 0.07062528
3.222428e+03 2.000000e+30 3.967779e+02 2.000000e+30 2.10187170 1.01992356 0.07283925
2.947904e+03 6.806561e+01 3.981158e+02 3.414086e+03 2.14592365 0.96722988 0.07434547
3.669172e+04 2.000000e+30 3.965764e+02 2.000000e+30 1.72686314 0.97062466 0.07122499
2.646607e+03 6.232488e+01 3.975441e+02 3.106476e+03 2.18662785 0.96527951 0.07163396
4.933840e+03 2.000000e+30 3.967445e+02 2.000000e+30 2.13585923 1.06580930 0.07319873
3.451119e+03 6.344425e+01 3.970472e+02 3.911610e+03 2.23095137 0.97329783 0.06969757
3.625938e+03 9.206935e+01 3.966812e+02 4.114688e+03 2.07862589 0.98634290 0.07029410
2.637285e+03 6.498060e+01 3.980402e+02 3.100306e+03 2.18937577 0.96900108 0.07383741
2.729286e+03 7.265361e+01 3.979922e+02 3.199932e+03 2.19758733 0.98017299 0.07470544
5.446892e+03 6.002332e+01 3.982212e+02 5.905136e+03 2.30506275 0.97648560 0.07383845
3.513269e+03 6.105492e+01 3.985882e+02 3.972912e+03 2.25952739 0.97204031 0.07518041
3.683602e+04 4.242353e+01 3.997527e+02 3.727819e+04 2.63348611 0.96822742 0.07374320
2.665698e+03 7.143826e+01 3.975739e+02 3.134711e+03 2.16302960 0.97438389 0.07292378
2.934012e+03 4.414935e+01 3.989803e+02 3.377142e+03 2.23460274 0.93515165 0.07249250
2.694717e+03 6.439535e+01 3.983000e+02 3.157412e+03 2.20622180 0.97020370 0.07467556
3.345579e+03 7.215421e+01 3.977602e+02 3.815493e+03 2.11902030 0.96900490 0.07355354
9.219589e+03 8.600262e+01 3.972389e+02 9.702830e+03 1.98594451 0.96563400 0.07248687
2.645745e+03 7.139884e+01 3.981595e+02 3.115303e+03 2.17901241 0.97594503 0.07510717
2.769614e+03 7.771792e+01 3.977210e+02 3.245053e+03 2.14933769 0.97984240 0.07415700
3.678535e+03 6.089180e+01 3.976656e+02 4.137092e+03 2.25175216 0.97154639 0.07189734
2.643181e+03 6.078748e+01 3.988787e+02 3.102848e+03 2.20449143 0.96428188 0.07588641
3.778085e+03 7.255764e+01 3.977107e+02 4.248354e+03 2.10246404 0.96723635 0.07331311
4.985713e+03 8.317204e+01 3.971461e+02 5.466031e+03 2.05590822 0.97322273 0.07204522
2.677857e+03 7.854511e+01 3.977253e+02 3.154128e+03 2.16599098 0.98308832 0.07428816
4.200915e+03 5.385264e+01 3.982061e+02 4.652974e+03 2.28166805 0.96303934 0.07266105
2.739400e+03 6.242179e+01 3.986357e+02 3.200457e+03 2.21762958 0.96860243 0.07550992
3.095302e+03 6.824737e+01 3.972809e+02 3.560830e+03 2.12516716 0.96543567 0.07115351
2.638200e+03 6.754446e+01 3.978169e+02 3.103562e+03 2.18348074 0.97192109 0.07331084
3.196332e+03 5.568955e+01 3.977325e+02 3.649754e+03 2.23883216 0.96130526 0.07136969
3.078648e+03 7.738873e+01 3.977275e+02 3.553764e+03 2.12777326 0.97645992 0.07405935
6.493468e+03 5.170653e+01 3.991873e+02 6.944362e+03 2.34578075 0.96607318 0.07535669
2.640072e+03 6.736220e+01 3.975406e+02 3.104975e+03 2.17106346 0.97025864 0.07225851
5.239937e+03 6.897806e+01 3.987442e+02 5.707659e+03 2.08229738 0.95894056 0.07650250
2.842095e+03 5.933868e+01 3.975326e+02 3.298967e+03 2.21218196 0.96413494 0.07104569
2.825765e+03 7.316134e+01 3.976090e+02 3.296535e+03 2.14401711 0.97386051 0.07319202
5.740470e+03 5.451495e+01 3.975683e+02 6.192554e+03 2.30561962 0.96769738 0.07041500
3.330445e+03 5.561029e+01 3.986077e+02 3.784663e+03 2.25708299 0.96285964 0.07428842
2.669071e+03 5.724893e+01 3.978855e+02 3.124206e+03 2.19636968 0.95839336 0.07195998
2.779037e+03 7.577781e+01 3.980213e+02 3.252837e+03 2.15367170 0.97787859 0.07513248
5.747347e+03 8.174080e+01 3.973230e+02 6.226411e+03 2.04423342 0.96974396 0.07269755
3.621907e+03 6.768418e+01 3.971401e+02 4.086731e+03 2.10230621 0.96165543 0.07048470
2.824834e+03 6.032799e+01 3.988674e+02 3.284030e+03 2.22936676 0.96684814 0.07581212
2.665358e+03 6.655528e+01 3.973614e+02 3.129275e+03 2.18550116 0.97129851 0.07148424
3.975945e+03 6.179101e+01 3.981342e+02 4.435871e+03 2.26747047 0.97452009 0.07381109
2.917998e+03 6.053327e+01 3.972937e+02 3.375825e+03 2.14252184 0.95695845 0.07016538
2.768740e+03 5.906480e+01 3.977686e+02 3.225573e+03 2.21035760 0.96322055 0.07202514
4.143811e+03 7.381701e+01 3.985453e+02 4.616173e+03 2.10288818 0.96798471 0.07652368
2.746139e+03 6.164924e+01 3.962940e+02 3.204082e+03 2.17732586 0.96460592 0.06534556
3.592810e+03 6.177911e+01 3.968837e+02 4.051472e+03 2.23494774 0.97149355 0.06886026
3.189618e+03 6.378421e+01 3.982669e+02 3.651669e+03 2.13888362 0.96032015 0.07424819
2.686376e+03 7.644867e+01 3.974685e+02 3.160293e+03 2.17745213 0.98254210 0.07302013
6.092635e+03 6.029933e+01 3.974397e+02 6.550374e+03 2.30460999 0.97752651 0.07097860
4.336874e+03 7.427748e+01 3.981059e+02 4.809257e+03 2.09130758 0.96730853 0.07498948
2.866617e+03 6.611945e+01 3.975184e+02 3.330255e+03 2.20891875 0.97366753 0.07208679
3.960925e+03 5.192054e+01 3.975089e+02 4.410354e+03 2.26580709 0.95785617 0.06976897
2.781569e+03 8.646862e+01 3.973349e+02 3.265372e+03 2.14186910 0.98874192 0.07342265
3.033840e+03 5.957090e+01 3.958876e+02 3.489299e+03 2.17837446 0.96286460 0.06002477
3.492775e+03 6.105796e+01 3.967094e+02 3.950543e+03 2.22751106 0.96970273 0.06765306
8.034558e+03 6.858688e+01 3.986737e+02 8.501818e+03 2.03285713 0.95140758 0.07598790
2.992139e+03 6.819370e+01 3.972793e+02 3.457612e+03 2.13055830 0.96611746 0.07113864
2.782828e+03 5.854361e+01 3.965506e+02 3.237922e+03 2.18938226 0.96092862 0.06654428
3.766919e+03 7.721253e+01 3.965785e+02 4.240710e+03 2.07970633 0.97094363 0.06862257
3.574844e+03 5.715358e+01 3.980950e+02 4.030093e+03 2.25805771 0.96598605 0.07287921
2.965211e+03 5.899030e+01 3.985297e+02 3.422731e+03 2.15890993 0.95571513 0.07442082
2.773994e+03 6.952405e+01 3.988360e+02 3.242354e+03 2.21716291 0.97812714 0.07717731
2.914297e+03 7.496544e+01 3.967832e+02 3.386046e+03 2.12186148 0.97396522 0.06964154
2.637612e+03 6.631119e+01 3.972486e+02 3.101172e+03 2.16782899 0.96874355 0.07080921
1.985714e+04 2.000000e+30 3.967945e+02 2.000000e+30 1.85824051 0.97024547 0.07188542
5.235061e+03 5.996670e+01 3.974014e+02 5.692429e+03 2.28815893 0.97495341 0.07084316
3.581699e+03 6.838007e+01 3.973069e+02 4.047386e+03 2.23534819 0.98047974 0.07139556
2.732341e+03 6.449897e+01 3.972146e+02 3.194054e+03 2.19359515 0.96970576 0.07052413
2.767886e+03 6.344563e+01 3.977454e+02 3.229077e+03 2.15790212 0.96287175 0.07246050
7.147040e+03 5.238498e+01 3.979375e+02 7.597363e+03 2.33880462 0.96731589 0.07153283
2.719280e+05 5.713886e+01 3.969882e+02 2.723822e+05 3.31838989 0.97399157 0.05677124
2.658076e+03 5.757130e+01 3.982435e+02 3.113891e+03 2.19833061 0.95887501 0.07335947
3.691602e+03 5.564992e+01 3.974098e+02 4.144662e+03 2.25243359 0.96325187 0.07002797
3.593517e+03 7.325198e+01 3.970820e+02 4.063851e+03 2.09805038 0.96815902 0.07083149
2.638158e+03 6.848710e+01 3.975555e+02 3.104201e+03 2.17214827 0.97188481 0.07244346
2.758058e+03 5.958517e+01 3.985290e+02 3.216172e+03 2.21990058 0.96468861 0.07470964
3.008427e+03 7.638835e+01 3.976421e+02 3.482458e+03 2.13064208 0.97580699 0.07359932
2.803973e+03 6.023363e+01 3.977756e+02 3.261983e+03 2.15845130 0.95819741 0.07199784
4.270406e+03 7.589375e+01 3.968788e+02 4.743179e+03 2.07212558 0.96788350 0.07002557
3.788887e+03 5.357674e+01 3.993478e+02 4.241811e+03 2.28434717 0.96217778 0.07605925
2.879192e+03 6.394204e+01 3.977960e+02 3.340930e+03 2.21624479 0.97130500 0.07290777
3.467784e+03 6.138178e+01 3.975118e+02 3.926678e+03 2.11959553 0.95485341 0.07125079
3.153984e+03 2.000000e+30 3.974980e+02 2.000000e+30 2.19039036 1.00617115 0.07517192
3.208420e+03 6.801203e+01 3.979014e+02 3.674334e+03 2.23133780 0.97884055 0.07377275
2.893921e+03 6.601937e+01 3.990220e+02 3.358963e+03 2.16251960 0.96603423 0.07701985
4.024137e+03 5.311467e+01 3.975863e+02 4.474838e+03 2.26773446 0.96037608 0.07025064
3.863105e+03 5.404838e+01 3.983046e+02 4.315458e+03 2.12484958 0.94313498 0.07267310
2.656302e+03 6.559895e+01 3.974865e+02 3.119387e+03 2.18641761 0.96998872 0.07182971
4.952621e+03 7.511672e+01 3.968368e+02 5.424574e+03 2.05517560 0.96460898 0.06961881
2.815301e+03 6.750976e+01 3.980558e+02 3.280867e+03 2.21175794 0.97544150 0.07421631
6.390695e+03 5.643356e+01 3.958622e+02 6.842991e+03 2.25086773 0.96800770 0.05553080
9.877924e+03 4.736256e+01 3.981699e+02 1.032346e+04 2.38623768 0.96140828 0.07104274
2.768177e+03 7.992023e+01 3.980113e+02 3.246109e+03 2.15391941 0.98265045 0.07552382
6.747094e+03 5.715756e+01 3.971021e+02 7.201353e+03 2.31349464 0.97373634 0.06918783
3.930957e+03 7.148399e+01 3.976736e+02 4.400114e+03 2.09773989 0.96530445 0.07298645
2.687020e+03 5.441859e+01 3.980624e+02 3.139501e+03 2.19101894 0.95269016 0.07212837
2.796629e+03 7.119734e+01 3.971196e+02 3.264946e+03 2.13862801 0.97128960 0.07075487
2.960861e+03 5.388759e+01 3.996001e+02 3.414348e+03 2.25133805 0.95849593 0.07674952
2.707060e+03 6.639701e+01 3.983331e+02 3.171790e+03 2.16979893 0.96807424 0.07492867
2.763929e+03 5.826645e+01 3.983566e+02 3.220552e+03 2.21847687 0.96255312 0.07385878
3.900869e+03 7.182281e+01 3.973486e+02 4.370040e+03 2.09396879 0.96549751 0.07188075
2.733148e+03 7.087663e+01 3.969278e+02 3.200952e+03 2.14147756 0.97151052 0.06987961
2.800644e+03 7.140272e+01 3.971644e+02 3.269211e+03 2.19212622 0.97879518 0.07109953
8.234390e+03 7.494878e+01 3.976002e+02 8.706939e+03 2.01169871 0.95703858 0.07299264
3.719860e+03 5.292171e+01 3.993767e+02 4.172158e+03 2.28335648 0.96079265 0.07611229
3.454143e+03 5.997664e+01 3.970735e+02 3.911194e+03 2.23453845 0.96848598 0.06930113
1.822136e+04 4.829050e+01 3.991639e+02 1.866881e+04 2.48510356 0.97415263 0.07458838
2.658929e+03 6.344854e+01 3.972297e+02 3.119607e+03 2.16379840 0.96421484 0.07032485
4.007278e+03 7.417153e+01 3.988199e+02 4.480270e+03 2.11003257 0.96918112 0.07746434
2.811963e+03 6.886111e+01 3.974546e+02 3.278279e+03 2.20149148 0.97640639 0.07224373
2.822031e+03 6.362433e+01 3.968913e+02 3.282546e+03 2.13850091 0.96144078 0.06872989
5.123893e+03 7.632252e+01 3.976817e+02 5.597898e+03 2.06523529 0.96639803 0.07353811
3.449028e+03 6.163198e+01 3.975034e+02 3.908163e+03 2.24066328 0.97138484 0.07141300
2.865465e+03 5.727141e+01 3.990703e+02 3.321807e+03 2.17432616 0.95464588 0.07583876
4.774660e+03 5.379957e+01 3.976148e+02 5.226074e+03 2.28741996 0.96406511 0.07059393
2.654679e+03 5.749108e+01 3.985849e+02 3.110755e+03 2.20051841 0.95878107 0.07446497
3.333463e+03 7.581328e+01 3.973762e+02 3.806652e+03 2.11152175 0.97272669 0.07249488
2.738513e+03 6.675315e+01 3.979356e+02 3.203201e+03 2.16017717 0.96761390 0.07352051
3.284094e+03 5.608427e+01 3.977548e+02 3.737933e+03 2.24274160 0.96247442 0.07150656
1.379458e+04 4.461818e+01 3.967529e+02 1.423595e+04 2.32857697 0.95086428 0.04612585
2.852010e+03 6.306889e+01 3.969474e+02 3.312026e+03 2.20015159 0.96881907 0.06914904
3.354645e+03 8.690932e+01 3.978571e+02 3.839412e+03 2.11324722 0.98453545 0.07551600
2.653126e+03 7.374558e+01 3.969382e+02 3.123810e+03 2.15504701 0.97692519 0.07024137
5.877099e+03 7.640253e+01 3.987403e+02 6.352241e+03 2.06464180 0.96535930 0.07732821
5.371182e+03 6.095532e+01 3.959724e+02 5.828110e+03 2.22187522 0.97229953 0.05475790
1.005886e+04 2.000000e+30 3.966755e+02 2.000000e+30 2.27737278 1.04959619 0.07260961
3.528756e+03 3.844745e+01 3.967220e+02 3.963926e+03 2.17152848 0.90574543 0.06205408
3.466589e+03 6.313181e+01 3.984221e+02 3.928143e+03 2.13010612 0.95806618 0.07463566
2.765954e+03 5.817376e+01 3.976900e+02 3.221818e+03 2.20887304 0.96168509 0.07149676
3.403716e+03 4.060155e+01 3.981644e+02 3.842482e+03 2.25414942 0.92536279 0.06859352
2.637743e+03 6.510889e+01 3.979720e+02 3.100824e+03 2.17995907 0.96799396 0.07352737
4.089958e+03 8.746293e+01 3.973470e+02 4.574768e+03 2.07908237 0.98082686 0.07326492
6.837935e+03 2.000000e+30 3.969204e+02 2.000000e+30 2.13075021 1.09392548 0.07252800
2.741709e+03 8.801571e+01 3.968561e+02 3.226580e+03 2.15252951 0.99256796 0.07103795
2.673006e+03 7.911267e+01 3.987967e+02 3.150916e+03 2.03201711 0.97539089 0.04170776
3.453378e+03 7.578758e+01 3.973109e+02 3.926476e+03 2.10569563 0.97195462 0.07219174
6.684774e+04 4.165228e+01 4.003889e+02 6.728978e+04 2.79724210 0.96893466 0.07354109
2.680816e+03 7.245821e+01 3.969057e+02 3.150180e+03 2.17226421 0.97776968 0.06989750
2.760694e+03 6.585053e+01 3.973853e+02 3.223929e+03 2.19843476 0.97204430 0.07148251
3.046321e+03 6.838992e+01 3.979543e+02 3.512665e+03 2.13788980 0.96669408 0.07380197
1.446529e+04 2.000000e+30 3.966841e+02 2.000000e+30 1.90933790 0.96832252 0.07059216
2.652494e+03 6.853089e+01 3.976440e+02 3.118669e+03 2.18508038 0.97359046 0.07285906
3.124806e+03 5.747149e+01 3.978643e+02 3.580142e+03 2.23606945 0.96388503 0.07212924
4.320844e+03 2.000000e+30 3.966539e+02 2.000000e+30 2.09510329 1.06164220 0.06937106
6.255251e+03 6.104604e+01 3.994539e+02 6.715751e+03 2.16772850 0.97111639 0.03799356
9.467800e+03 8.861772e+01 3.964215e+02 9.952839e+03 1.96518472 0.96641780 0.06833192
3.281110e+03 2.000000e+30 3.965155e+02 2.000000e+30 2.12141789 1.02751478 0.07098600
3.044546e+03 6.940989e+01 3.978765e+02 3.511832e+03 2.22154008 0.97942248 0.07378642
2.653933e+03 6.971206e+01 3.974019e+02 3.121047e+03 2.18004908 0.97469875 0.07203583
4.125386e+03 5.846920e+01 3.973584e+02 4.581213e+03 2.26256101 0.96934621 0.07039296
4.998269e+03 7.423467e+01 3.976235e+02 5.470127e+03 2.06828881 0.96447412 0.07306125
3.066439e+03 6.359041e+01 3.982911e+02 3.528320e+03 2.14552907 0.96092177 0.07436503
2.910383e+03 6.213416e+01 3.975730e+02 3.370090e+03 2.21586670 0.96884947 0.07170111
5.575499e+04 2.000000e+30 3.964189e+02 2.000000e+30 1.62212316 0.95651963 0.06975212
7.802373e+03 8.678135e+01 3.971459e+02 8.286300e+03 2.30165711 1.01095105 0.07286780
2.668243e+03 7.079370e+01 3.971622e+02 3.136199e+03 2.17760354 0.97603698 0.07109256
3.355269e+03 7.054165e+01 3.966908e+02 3.822501e+03 2.10121813 0.96578801 0.06863341
2.957317e+03 6.289648e+01 3.984034e+02 3.418617e+03 2.23047398 0.97116936 0.07480586
3.087275e+03 6.434186e+01 3.976299e+02 3.549247e+03 2.13436623 0.96105333 0.07205821
2.710262e+03 6.153338e+01 3.972238e+02 3.169019e+03 2.19309833 0.96531046 0.07011273
6.266281e+03 8.765891e+01 3.975048e+02 6.751444e+03 2.03445129 0.97423469 0.07400078
2.773459e+03 6.865482e+01 3.977414e+02 3.239855e+03 2.15323757 0.96932213 0.07320781
3.966680e+03 5.268606e+01 3.973915e+02 4.416758e+03 2.26369106 0.95917801 0.06953149
2.771712e+03 5.958166e+01 3.975214e+02 3.228815e+03 2.20618930 0.96372734 0.07111120
3.769392e+03 6.342493e+01 3.967888e+02 4.229606e+03 2.09383543 0.95514959 0.06802709
5.670594e+03 2.000000e+30 3.971872e+02 2.000000e+30 2.15515196 1.07815451 0.07812210
3.133656e+03 6.779812e+01 3.986219e+02 3.600076e+03 2.23853497 0.97886793 0.07628451
2.765809e+03 7.861525e+01 3.972750e+02 3.241699e+03 2.18210969 0.98592287 0.07236290
3.256711e+03 6.992345e+01 3.982998e+02 3.724934e+03 2.13190837 0.96750397 0.07525467
4.546131e+03 5.923347e+01 3.973479e+02 5.002712e+03 2.27237564 0.97184932 0.07045148
6.319907e+03 5.017343e+01 3.981877e+02 6.768268e+03 2.33029296 0.96158246 0.07176121
2.685527e+03 6.168915e+01 3.981800e+02 3.145396e+03 2.20481787 0.96620617 0.07380237
3.515903e+03 8.055865e+01 3.967077e+02 3.993169e+03 2.08847497 0.97579818 0.06953048
2.674821e+03 6.830173e+01 3.976567e+02 3.140779e+03 2.16301737 0.97033521 0.07264924
3.095272e+03 5.733450e+01 3.975542e+02 3.550160e+03 2.22960206 0.96310091 0.07088303
2.663809e+03 6.121395e+01 3.958236e+02 3.120847e+03 2.12607795 0.95872829 0.05911855
2.648680e+03 6.554304e+01 3.981650e+02 3.112388e+03 2.17847907 0.96820970 0.07432658
4.275412e+03 8.110979e+01 3.964269e+02 4.752949e+03 2.05774205 0.97251936 0.06764643
3.786162e+03 6.882899e+01 3.966689e+02 4.251660e+03 2.22978642 0.98109166 0.06860361
3.718902e+03 6.895164e+01 3.987967e+02 4.186651e+03 2.12172010 0.96443321 0.07669684
1.215077e+04 4.343670e+01 3.993014e+02 1.259351e+04 2.43382471 0.95458568 0.07315055
9.640656e+04 4.303843e+01 4.001347e+02 9.684974e+04 2.91425190 0.96809249 0.07149190
3.645987e+03 5.325476e+01 3.990908e+02 4.098333e+03 2.27653157 0.96076055 0.07521755
2.921496e+03 6.721981e+01 3.968786e+02 3.385595e+03 2.19936564 0.97466564 0.06925661
2.681011e+03 6.453310e+01 3.971443e+02 3.142689e+03 2.15735888 0.96495665 0.07019165
3.059918e+03 6.471343e+01 3.960380e+02 3.520669e+03 2.18676855 0.97098947 0.06341834
3.115858e+03 4.847291e+01 3.983534e+02 3.562684e+03 2.24649894 0.94767495 0.07190446
4.845078e+03 6.664349e+01 3.996204e+02 5.311342e+03 2.10260318 0.95812935 0.07878254
5.136040e+04 4.537604e+01 3.960713e+02 5.180185e+04 2.59272185 0.97735987 0.05182588
2.797604e+03 6.668351e+01 3.978627e+02 3.262151e+03 2.15397811 0.96672486 0.07330168
2.670457e+03 5.919449e+01 3.984270e+02 3.128078e+03 2.20608536 0.96237629 0.07417177
4.690050e+03 5.770669e+01 3.994064e+02 5.147163e+03 2.30676306 0.97213458 0.07718948
3.064117e+03 7.058396e+01 3.975034e+02 3.532204e+03 2.12894446 0.96869612 0.07242665
8.746877e+03 8.320251e+01 3.969297e+02 9.227009e+03 1.98853156 0.96354714 0.07082228
6.020198e+03 6.504747e+01 3.987514e+02 6.483997e+03 2.06933558 0.95196454 0.07581354
3.066071e+03 5.502600e+01 3.977717e+02 3.518869e+03 2.23326015 0.95940040 0.07136955
2.672429e+03 6.952874e+01 3.968318e+02 3.138790e+03 2.17308826 0.97426437 0.06921589
3.879938e+03 5.722105e+01 3.980991e+02 4.335258e+03 2.26812571 0.96736438 0.07293437
3.075337e+03 7.096421e+01 3.980543e+02 3.544356e+03 2.13634985 0.96965172 0.07455488
2.688694e+03 5.596272e+01 3.975445e+02 3.142202e+03 2.19545252 0.95636369 0.07060933
3.243042e+03 6.932100e+01 3.965632e+02 3.708926e+03 2.10304167 0.96475302 0.06755205
3.149046e+03 8.649136e+01 3.984435e+02 3.633981e+03 2.21847902 0.99807878 0.07809032
1.007580e+04 5.932114e+01 3.971728e+02 1.053229e+04 2.35905515 0.98287176 0.06987796
2.704876e+03 7.508065e+01 3.976604e+02 3.177617e+03 2.15637995 0.97784408 0.07354105
8.240685e+03 5.304989e+01 4.014341e+02 8.695169e+03 2.18184248 0.96048961 0.03118505
3.074704e+03 6.236707e+01 3.977459e+02 3.534817e+03 2.22742946 0.97056533 0.07233932
7.500207e+03 8.116758e+01 3.982308e+02 7.979606e+03 2.02802108 0.96572856 0.07610610
2.788416e+03 7.419264e+01 3.965840e+02 3.259193e+03 2.12742288 0.97412233 0.06850152
4.463100e+03 5.290543e+01 3.979716e+02 4.913977e+03 2.28593919 0.96193438 0.07165616
4.643756e+03 7.611402e+01 3.980294e+02 5.117899e+03 2.08168493 0.96813761 0.07496205
2.701738e+03 5.804608e+01 3.974410e+02 3.157225e+03 2.16849701 0.95638832 0.07047770
3.617937e+03 6.082561e+01 3.982332e+02 4.076996e+03 2.25871792 0.97184272 0.07403199
2.817668e+03 4.731801e+01 3.985387e+02 3.263525e+03 2.19951214 0.93916376 0.07209560
3.307824e+03 6.696058e+01 3.988766e+02 3.773661e+03 2.13932528 0.96420397 0.07675618
3.217818e+03 6.623387e+01 3.968904e+02 3.680942e+03 2.21654984 0.97552600 0.06943211
3.743373e+03 7.241204e+01 3.975492e+02 4.213334e+03 2.10197538 0.96710677 0.07286431
2.645642e+03 6.699868e+01 3.972989e+02 3.109940e+03 2.17876408 0.97109497 0.07113647
3.043393e+03 5.536965e+01 3.984921e+02 3.497255e+03 2.24192713 0.96060115 0.07383449
2.786085e+03 6.248408e+01 3.959320e+02 3.244501e+03 2.16332134 0.96512317 0.06125266
3.866020e+03 5.957429e+01 3.987445e+02 4.324339e+03 2.12408153 0.95174308 0.07510816
6.951966e+03 6.004266e+01 3.968674e+02 7.408876e+03 2.30897150 0.97822797 0.06850551
4.738330e+03 7.858892e+01 3.968059e+02 5.213725e+03 2.05752377 0.96895586 0.06990101
2.719795e+03 5.700912e+01 3.977303e+02 3.174534e+03 2.20432047 0.95914351 0.07143460
2.763971e+03 7.214640e+01 3.974506e+02 3.233568e+03 2.14681665 0.97321219 0.07231063
3.138746e+03 5.532186e+01 3.990647e+02 3.593132e+03 2.25452190 0.96174071 0.07563074
2.791155e+03 6.114117e+01 3.966677e+02 3.248964e+03 2.19091472 0.96508008 0.06745725
3.843511e+03 7.491574e+01 3.976049e+02 4.316032e+03 2.09760811 0.96946300 0.07323519
2.715824e+03 5.432074e+01 3.999142e+02 3.170059e+03 2.23281602 0.95673295 0.07777702
2.807696e+03 6.455185e+01 3.971704e+02 3.269418e+03 2.14420401 0.96316850 0.07026590
2.647902e+03 6.861165e+01 3.994279e+02 3.115941e+03 2.19401281 0.97337716 0.07886972
3.931366e+03 7.117363e+01 3.962530e+02 4.398792e+03 2.17030292 0.98063610 0.05380948
4.938436e+03 5.532684e+01 3.977474e+02 5.391511e+03 2.29190891 0.96731259 0.07139950
3.768381e+03 7.540007e+01 3.977767e+02 4.241557e+03 2.10240081 0.97052122 0.07399579
3.058529e+03 5.740598e+01 3.971018e+02 3.513037e+03 2.21953482 0.96236718 0.06895482
2.827492e+03 6.749427e+01 3.976650e+02 3.292651e+03 2.14806129 0.96718649 0.07266974
7.155110e+03 6.088463e+01 3.958707e+02 7.611866e+03 2.26515698 0.97685395 0.05776293
3.773929e+03 4.122250e+01 4.009637e+02 4.216115e+03 2.18216832 0.91959932 0.07651695
5.646954e+03 6.761492e+01 3.972136e+02 6.111783e+03 2.05335452 0.95454950 0.07061640
3.228040e+03 6.331030e+01 3.975906e+02 3.688941e+03 2.12793804 0.95876457 0.07170118
3.177061e+03 6.281084e+01 3.983528e+02 3.638225e+03 2.24116745 0.97247891 0.07463362
5.753731e+03 5.674736e+01 3.968275e+02 6.207306e+03 2.20638699 0.96529786 0.04774749
2.637546e+03 6.729235e+01 3.969446e+02 3.101783e+03 2.16220545 0.96964215 0.06965305
3.918158e+03 7.001744e+01 3.964258e+02 4.384602e+03 2.07587022 0.96202913 0.06678603
3.571738e+03 7.876693e+01 3.974870e+02 4.047992e+03 2.10202915 0.97468053 0.07307412
2.801767e+04 2.000000e+30 3.984725e+02 2.000000e+30 1.82063370 0.96860123 0.07990373
