2.684716e-04 2.684716e-04 4.668943e-02 0.00 0.4356451532257045 -0.03940583926181416 0.16336760287147203 0.5615471381223595 342.0296542450549,346.01268574745217,349.99629970795985,353.9794749532081,357.9631695409626,361.9465211575567,365.93037987621886,369.91395455417603,373.8979345291862,377.88134140084253,381.86536407633383,385.8489661854137,389.8329933239204,393.81665285102804,397.80059802642506,401.78414295020804,405.7678031635518,409.7512585514945,413.7349519816615,417.7184411356021,421.701898225629,425.68507627159477,429.66849280501685,433.65129635776856,437.6347368687384
3.922026e-05 3.922026e-05 5.435596e-03 0.00 0.4479674220955858 -0.03940583926181416 0.16336760287147203 0.5615471381223595 335.9709303685435,339.9764831877112,343.9824739683769,347.9880299332056,351.99422982532354,356.0000917798539,360.00634085622823,364.0124210344437,368.0188797149212,372.025007100138,376.0314724116506,380.03771256173127,384.04427253727397,388.05055375565485,392.05699690489166,396.0634350783961,400.06981244196123,404.0762355843059,408.08272460635493,412.0888335217756,416.0951254137824,420.10110992249327,424.10746611607715,428.1133113409424,432.1193478585985
1.111803e-05 1.111803e-05 1.280903e-02 0.00 0.4426909497303959 -0.03940583926181416 0.16336760287147203 0.5615471381223595 339.16234179219447,343.1586734792917,347.15479699081794,351.1513968486611,355.147613420772,359.1445082501853,363.1409226955053,367.1379017724532,371.13452650909187,375.1315704268607,379.1281851637447,383.12511305970384,387.12182388019596,391.11898652752853,395.1156239551079,399.1127259479776,403.1093130827927,407.1061918776324,411.1028185488215,415.09963565675156,419.0959954047334,423.09262938446983,427.0888784623017,431.085348291896,435.0814293760397
2.111321e-04 2.111321e-04 1.969946e-02 0.00 0.45263917772955803 -0.03940583926181416 0.16336760287147203 0.5615471381223595 336.66858033210883,340.68218285355897,344.69637509275873,348.71021766286236,352.7246745945193,356.73882837187716,360.75331595350815,364.76768033198283,368.7822648616636,372.7967900704573,376.81161039987205,380.82614512143533,384.840909218425,388.85561693572595,392.8704354587336,396.8850182144899,400.899666653014,404.914183088845,408.9289515886623,412.9433229897396,416.9580861055353,420.9724292171474,424.9868151195766,429.00094079313055,433.01517873118627
2.031754e-04 2.031754e-04 2.623435e-02 0.00 0.45248513766176074 -0.03940583926181416 0.16336760287147203 0.5615471381223595 336.6458445310929,340.6592054581419,344.67312606469574,348.6866089719903,352.70081807030886,356.7145778818935,360.7290426153887,364.7429697460387,368.7574239109332,372.77157415500835,376.78613946861844,380.8003428567478,384.81501056829654,388.8292194260744,392.8438258939546,396.858007924984,400.872645542174,404.88696540215057,408.90126950766535,412.91552285876975,416.9298253926822,420.9439136675121,424.95807554104834,428.9718467274348,432.98584025012735
1.465144e-04 1.465144e-04 5.659743e-02 0.00 0.43796524145111637 -0.03940583926181416 0.16336760287147203 0.5615471381223595 338.4164743958483,342.405121335625,346.3925230231019,350.3804058981139,354.3678749005946,358.3560444020406,362.34383551056237,366.3319938536004,370.31982269893984,374.30811387345807,378.2960219887071,382.2843472872223,386.27233219490637,390.26065109736544,394.24859460587425,398.2369917685542,402.2247489797173,406.212894014729,410.2007400017827,414.18874071848046,418.17655551039974,422.1645678587554,426.15206607126294,430.1396167120124,434.12694724661594,438.11444340994836
1.400531e-04 1.400531e-04 7.311940e-02 0.00 0.4380760373028977 -0.03940583926181416 0.16336760287147203 0.5615471381223595 338.43403846586455,342.42308651802233,346.4104480282902,350.39858073835853,354.3863907426075,358.3746665942846,362.36259042728244,366.3510455579605,370.3391120947114,374.32755735655616,378.3156301293619,382.30425944773106,386.292468221626,390.2810392159667,394.2691647152363,398.25764094876706,402.2456563184588,406.2340031556514,410.2221632710417,414.2103379745532,418.19832887744354,422.18637299905186,426.1739911690182,430.1619637230673,434.14946822707816,438.1370968744463
2.361010e-04 2.361010e-04 8.708407e-03 0.00 0.453111750859707 -0.03940583926181416 0.16336760287147203 0.5615471381223595 336.73847026534344,340.75280463683214,344.76791369345375,348.78244608059765,352.79768040888445,356.81286202590337,360.828022848678,364.8431021802758,368.8587349252542,372.8738675425552,376.8895830588616,380.9049424617894,384.9204838831184,388.9359527131528,392.9516719828471,396.9670300062669,400.98268402004635,404.9980416871627,409.0136643368228,413.02887604940656,417.04439156625267,421.0595197954922,425.0747957674187,429.08970033099524,433.1050262834471
5.347472e-04 5.347472e-04 9.776183e-02 0.00 0.45758368285533924 -0.03940583926181416 0.16336760287147203 0.5615471381223595 333.36897093869743,337.3915357941248,341.41359480508527,345.43641090855897,349.4587242368001,353.4817977495477,357.5044361623017,361.5276158420933,365.55044170559387,369.57372073047986,373.5966995208796,377.6200922197697,381.6432336555692,385.66662517852615,389.6896557920384,393.7131447964374,397.73630835918385,401.75976783744454,405.78277576518923,409.80614076139517,413.82916224354454,417.8522181050714,421.8751617293971,425.898275039041,429.92108289104755
3.638274e-04 3.638274e-04 1.162885e-01 0.00 0.4552311551796542 -0.03940583926181416 0.16336760287147203 0.5615471381223595 337.04962259882336,341.0676449533554,345.08636724439424,349.1047575886133,353.1235709751615,357.1422387845368,361.1613419333712,365.18015830339226,369.19935632524476,373.2182885904621,377.2376858883241,381.25663671002883,385.27602163725385,389.2951104526551,393.31451071372163,397.3335982450244,401.35285490143315,405.37189802660663,409.3911195706323,413.41003046339324,417.4291885499025,421.4480909670036,425.46716607779405,429.48569776800946
5.689776e-05 5.689776e-05 1.014756e-01 0.00 0.4404041343406605 -0.03940583926181416 0.16336760287147203 0.5615471381223595 338.8034555628754,342.7958670328018,346.78783746711724,350.78030553954477,354.77239816421076,358.76488513232067,362.7571685797469,366.7499045840417,370.7422347068303,374.7350548728765,378.7276874324791,382.72041244070664,386.7129658887874,390.70570338348045,394.69824137854255,398.69101603031584,402.68336666753686,406.6761511002578,410.66851236831116,414.66118487632747,418.65334638713523,422.6458195580564,426.63794469703515,430.6300417196521,434.6218342425959,438.6149952430593
2.800086e-08 2.800086e-08 1.963868e-01 0.00 0.44450148638316855 -0.03940583926181416 0.16336760287147203 0.5615471381223595 339.4438554116813,343.4434856179184,347.4428707517972,351.44280908986786,355.4422776366502,359.4424495329596,363.4421695210601,367.44238804977664,371.4422751237806,375.44256189600804,379.4426084291719,383.4429656045242,387.4429480548376,391.4433268579276,395.44335001170333,399.4435449999767,403.4435359039463,407.44370068597453,411.44357857553206,415.4436983284136,419.4436374813123,423.4434900232025,427.4430389313128,431.44281133479245,435.44211324743964
8.801565e-05 8.801565e-05 1.439036e-01 0.00 0.44972320764448104 -0.03940583926181416 0.16336760287147203 0.5615471381223595 336.23492115367645,340.243393729392,344.25240250682475,348.2611336066898,352.2704731652646,356.2794506773718,360.28886245141473,364.29798203528946,368.3076464945543,372.3168760529667,376.32651929628133,380.33590757920894,384.3456070332014,388.3550652816778,392.3647456789257,396.3741529333384,400.3838196898905,404.3933103337418,408.4027996853432,412.41192151076547,416.4214281181462,420.4307065848803,424.4399534090412,428.44890007857236,432.45803056327725
1.182103e-04 1.182103e-04 2.314834e-01 0.00 0.4505599491369322 -0.03940583926181416 0.16336760287147203 0.5615471381223595 336.36015985264964,340.36990437484354,344.38048252443076,348.39066902758395,352.40139979939073,356.4119377348765,360.42286105480514,364.4333968561088,368.4444109943984,372.45516973229064,376.4663653449119,380.47706536369327,384.4883363665261,388.49928002640127,392.5104477521521,396.52122968213814,400.5324248372082,404.54337007521156,408.5543945656671,412.565185048745,416.5760508973066,420.5867896954876,424.5976988859349,428.608130764489,432.6187390942881
4.686592e-05 4.686592e-05 5.917469e-02 0.00 0.44075994609851094 -0.03940583926181416 0.16336760287147203 0.5615471381223595 338.8597121177364,342.8525419202849,346.8450630450183,350.8381537335779,354.83097889173837,358.8242280623428,362.81711686030786,366.8105799993186,370.80351843327276,374.79693955793175,378.7900424455585,382.78359472809893,386.7767540340224,390.77029752459623,394.7633835727338,398.75689977962907,402.74998726179297,406.743267603169,410.7363218415803,414.729514397631,418.72250500009613,422.7156590538147,426.7083562069347,430.70116906376586,434.69360293399296,438.6872665508718
9.609478e-06 9.609478e-06 5.978982e-02 0.00 0.4462242733141447 -0.03940583926181416 0.16336760287147203 0.5615471381223595 339.7095345678328,343.71236866969736,347.714815152656,351.7178884956279,355.72055891936975,359.72384889069275,363.7266419101464,367.73006561112527,371.7330105765675,375.73644568990034,379.73947590353396,383.743019927767,387.7460955230001,391.74953571163763,395.752820140379,399.7561120502194,403.7592438641466,407.76295376063536,411.76553782362345,415.76868176659127,419.77153492327017,423.7746310976326,427.777260812436,431.78015472641226,435.78281790090824
4.040969e-08 4.040969e-08 2.060821e-01 0.00 0.44456124027486815 -0.03940583926181416 0.16336760287147203 0.5615471381223595 339.45303689401806,343.4528364957243,347.4523423367953,351.45238436690687,355.4520814342392,359.45221366065346,363.4520609294882,367.45241303891,371.45236493391604,375.4528253722521,379.45287853361975,383.45331432664875,387.4535572178507,391.4538891542131,395.45405638579496,399.4544530054732,403.4545767931188,407.4547961123969,411.4547912466719,415.4549784342047,419.4549092877781,423.45501983100314,427.4546332264893,431.45452731304226,435.4539414268938
6.806520e-04 6.806520e-04 4.715803e-02 0.00 0.43055841391633015 -0.03940583926181416 0.16336760287147203 0.5615471381223595 341.1937214854177,345.16707431390023,349.14092905911826,353.114497172723,357.0885719243182,361.0623208231039,365.036455812882,369.0101716579637,372.98446581147334,376.95836779100017,380.9326675375441,384.90666296970966,388.88088902823733,392.8547004421342,396.8290126712858,400.80276376819506,404.7768289110196,408.7506775176555,412.724606628053,416.6982755363425,420.67217021668,424.6455560028887,428.6191927727718,432.59236222351217,436.5661783979573,440.5379529482743
1.932554e-04 1.932554e-04 3.715887e-02 0.00 0.45228054782614213 -0.03940583926181416 0.16336760287147203 0.5615471381223595 336.6156304650011,340.6285576667811,344.6420733282728,348.65535994107074,352.669160351044,356.6826429723808,360.6965628016702,364.7101789087803,368.7244061270543,372.7381641023331,376.75232804857524,380.7661390882931,384.78041790629044,388.7942321928834,392.8084331557758,396.82244351520643,400.83662392466204,404.850577794741,408.86456199805076,412.87832334226795,416.89228566653827,420.9059921706939,424.91982829593434,428.93346528587256,432.9470590535389
3.765973e-04 3.765973e-04 1.391075e-01 0.00 0.4554231353925584 -0.03940583926181416 0.16336760287147203 0.5615471381223595 337.0775992514084,341.096007486282,345.11506942956777,349.1336929539787,353.1530528334536,357.1719257851141,361.1913327090263,365.2104711104952,369.2300623022496,373.2493444936646,377.269028051598,381.2883003225759,385.30810409686103,389.3274661332675,393.3471879510823,397.3665905280062,401.38627127138267,405.40555786691715,409.4251575217599,413.4445196285478,417.46400679765645,421.48318980494673,425.50245299180426,429.5214224663948
5.083947e-05 5.083947e-05 7.367663e-02 0.00 0.4406064212753259 -0.03940583926181416 0.16336760287147203 0.5615471381223595 338.8354295351267,342.8281490623578,346.82035183853577,350.81318904486807,354.8057412114569,358.798735399158,362.79135874777285,366.78436759434464,370.7770303824976,374.77025261338383,378.76311886917387,382.75635322384255,386.7491269871035,390.74250673516576,394.735293073634,398.72849759045783,402.72134352235764,406.71432664518005,410.70707011123153,414.70006007841204,418.69267468736336,422.6855558981206,426.6779461365738,430.6705367496805,434.6627736964399,438.6563637980925
3.484881e-05 3.484881e-05 2.401939e-03 0.00 0.4477753263632014 -0.03940583926181416 0.16336760287147203 0.5615471381223595 335.94174153069304,339.94715351841273,343.9528253519551,347.95810067679923,351.96384394485597,355.9694538439831,359.97530729490967,363.9810090297598,367.98719763303006,371.99298391273925,375.9991307419012,380.00495504329996,384.01121821830947,388.01709376029834,392.02333152277646,396.0292682696728,400.0354608382662,404.04146772276204,408.04762913296713,412.05331404551237,416.05934238834067,420.06506865489297,424.0709465077311,428.07631757499917,432.08189432215755,436.0880530618642
5.185635e-04 5.185635e-04 3.675090e-02 0.00 0.4323216006770401 -0.03940583926181416 0.16336760287147203 0.5615471381223595 341.4856547203499,345.46224556097155,349.4394087789517,353.41633375551714,357.39376132894955,361.3709266787341,365.3484080233134,369.32562194673005,373.3031419898596,377.2805369663537,381.25821932502777,385.23563183335773,389.21314672945755,393.19033035210225,397.16793772224594,401.1453127893205,405.1227372678322,409.09997783412035,413.07735800240994,417.0543363064203,421.031520944457,425.00839960157134,428.98540480546717,432.96206153678753,436.9388602601851,440.9144350592174
4.837091e-05 4.837091e-05 6.756467e-02 0.00 0.4407191165160362 -0.03940583926181416 0.16336760287147203 0.5615471381223595 338.85325233795595,342.8460211235108,346.8385240199758,350.83155588941713,354.82421477137825,358.8174315271497,362.81024630885577,366.80356216656605,370.7965096356906,374.78983666728374,378.7829238746079,382.77630441592146,386.7694598115766,390.76280438839456,394.7558437358107,398.7493880014283,402.74235045035454,406.73564467329277,410.72856440991626,414.7217627082734,418.7145213073959,422.707581926338,426.7003266200723,430.69304112742117,434.6855342404904,438.67909609016993
4.791783e-04 4.791783e-04 1.791484e-01 0.00 0.4568682737956464 -0.03940583926181416 0.16336760287147203 0.5615471381223595 333.26609784420884,337.28792867586714,341.30878654017204,345.33034049104975,349.35156377217487,353.37328729956084,357.3947255852677,361.4166830338776,365.43824660012746,369.4603356080542,373.4819899350931,377.50418702941016,381.5259775226456,385.54825776962,389.5701171440169,393.59235229329477,397.6141891086058,401.63634029250767,405.65832244663454,409.6803079214299,413.7020769712367,417.72409435993046,421.7458182652789,425.7676727786821,429.78901700730734
6.002639e-05 6.002639e-05 4.738552e-02 0.00 0.44880503012818657 -0.03940583926181416 0.16336760287147203 0.5615471381223595 336.09726319883714,340.1041283083811,344.11161095900593,348.1186551279019,352.1262028128098,356.1335824420933,360.1414146983937,364.1488398436762,368.1568115298698,372.1644768670122,376.1724860625598,380.1802784902495,384.18835307701033,388.1961792173212,392.20422616554345,396.21200584801556,400.2200779934195,404.22781036115106,408.2356747629414,412.24326016034036,416.25122387227606,420.25865544525897,424.2663774898651,428.273617898605,432.28118913594136
2.950375e-05 2.950375e-05 1.058773e-02 0.00 0.44153123231675273 -0.03940583926181416 0.16336760287147203 0.5615471381223595 338.98106537189506,342.975204365662,346.96921548762106,350.96366671506973,354.95779444061844,358.9523588471383,362.9467530461183,366.9415738483117,370.93607215593386,374.93095986109023,378.9255980476887,382.92044232881426,386.91488655572965,390.9099401999539,394.90442826260954,398.89923728892046,402.8938272793202,406.8886556861265,410.8830436307499,414.87773001026756,418.8720439218172,422.8666009394157,426.8606586116022,430.85497872685727,434.84886829409396
2.162293e-04 2.162293e-04 1.634624e-02 0.00 0.45273566237818275 -0.03940583926181416 0.16336760287147203 0.5615471381223595 336.6828467445216,340.696560833012,344.7110118754855,348.7249848828032,352.7396244708815,356.75391881663984,360.7686245928593,364.78303623439103,368.79798410844427,372.8125501224398,376.82760434079154,380.8422405494658,384.8573306180025,388.87195417617414,392.8869860843482,396.90177474372683,400.916708907599,404.93139895877493,408.94621399077204,412.9608287365637,416.97560826891646,420.9901385176582,425.0048090923277,429.01918676818735,433.0335714047506
9.259209e-05 9.259209e-05 2.417415e-01 0.00 0.4392313678612754 -0.03940583926181416 0.16336760287147203 0.5615471381223595 338.6184833918994,342.6085026207425,346.59820129514924,350.58843094927215,354.5784315371923,358.56882235796706,362.55894567280365,366.549279690483,370.53962144549735,374.53024469658857,378.5205579376599,382.51117964748283,386.50161432476796,390.4923063389131,394.48263620325565,398.47322038253776,402.46343416807576,406.4539130538642,410.4442067323756,414.43466403609784,418.42463873925954,422.4150431282595,426.40485873555133,430.3948126983641,434.3844637320648,438.3746571062026
1.212407e-05 1.212407e-05 4.457800e-02 0.00 0.44642180271104803 -0.03940583926181416 0.16336760287147203 0.5615471381223595 339.73984409392597,343.742996496099,347.7459209923197,351.7493010860799,355.7523880013948,359.75595889300183,363.7592680007607,367.7628316226123,371.7662493746745,375.7699070828521,379.77341207725215,383.7771946866832,387.7806929738086,391.78455149771986,395.78800756728583,399.79180685831955,403.79525546078116,407.7989666149393,411.8023805451675,415.8057955105062,419.80924248106305,423.8124204515579,427.8155019503147,431.81876380529684,435.8216471479262
3.504287e-04 3.504287e-04 1.032360e-01 0.00 0.45503640798825745 -0.03940583926181416 0.16336760287147203 0.5615471381223595 337.0211218947916,341.03884610296416,345.05726999945784,349.0753640389513,353.0938602661171,357.1119913059004,361.1308777292176,365.14939517144666,369.1680988337365,373.1867684708237,377.20574417041973,381.2245557821428,385.24353583122456,389.26230734803704,393.2813528918052,397.29995864912706,401.3190340520176,405.3376120859158,409.35649449408015,413.3751981172239,417.39400472276486,421.4124834699798,425.4311006529374,429.44941725845734,433.46831035155424
1.140904e-05 1.140904e-05 1.148356e-02 0.00 0.44264646955452386 -0.03940583926181416 0.16336760287147203 0.5615471381223595 339.1553253047651,343.1517925728486,347.1476269174055,351.1441623969645,355.1403931721961,359.1370698478653,363.1334684519059,367.13034795453433,371.12688668904553,375.123853039057,379.1203914875157,383.1173014031978,387.1138909027979,391.11090703962066,395.1074176421379,399.1044612859061,403.10106969826523,407.0979086182919,411.09461900924174,415.0911536408866,419.0874859974415,423.08396199050264,427.0802526249982,431.07659519270027,435.07237692078246
2.377211e-04 2.377211e-04 8.880166e-03 0.00 0.45311963388891013 -0.03940583926181416 0.16336760287147203 0.5615471381223595 336.739642635169,340.75402062508124,344.76900101683196,348.78370196369923,352.7989119204239,356.8138748405202,360.82926564014224,364.8444041156713,368.8599269276483,372.8751550083557,376.8909088513327,380.90617317360227,384.92187170761633,388.93732468190285,392.95298178928203,396.968406944008,400.98411059680086,404.9994859240089,409.0150719427974,413.030281145945,417.04571115160434,421.0609164335909,425.07626000410824,429.09112888919896,433.10659095575227
7.246512e-07 7.246512e-07 2.249127e-01 0.00 0.44495787753991023 -0.03940583926181416 0.16336760287147203 0.5615471381223595 339.5143206608261,343.5148092263634,347.51508821340695,351.51582915874485,355.5163251739345,359.51727456600514,363.51783665512903,367.5188186566718,371.51955481363075,375.52065799058465,379.52138785648657,383.5225795216957,387.523468528851,391.52466786313687,395.5254512926152,399.5266542510534,403.5273828087783,407.5284648529665,411.5292124200009,415.530066525405,419.5305234098716,423.53125896232484,427.53188504489196,431.5324467200407,435.5324776565639
6.379778e-07 6.379778e-07 2.298755e-01 0.00 0.44492920815778425 -0.03940583926181416 0.16336760287147203 0.5615471381223595 339.5098304984273,343.5104281234812,347.51063740739687,351.5112646247745,355.5116382980257,359.5125404380654,363.5129958252668,367.5140447380796,371.5146434248212,375.51569850812103,379.5163730297394,383.51760570132535,387.51833635744214,391.5195018025817,395.52040526270036,399.5214328552334,403.5221006160653,407.52303853471824,411.5237509541568,415.5246748439946,419.5251520412646,423.52582888254057,427.5261604557293,431.526822409766,435.5266645324482
2.578080e-06 2.578080e-06 1.586543e-01 0.00 0.4453784880096651 -0.03940583926181416 0.16336760287147203 0.5615471381223595 339.5792898947463,343.58053952807813,347.58150742401466,351.58298550849753,355.58417014636007,359.58592507924976,363.58729064555234,367.5891060607112,371.5906273636852,375.59240529510424,379.5940856741293,383.5959637820598,387.59754192911606,391.5994527787691,395.600988123247,399.6028810447172,403.60447792098523,407.60635609950333,411.60788696904126,415.6095111075966,419.61079559580435,423.6124014280621,427.6135192822815,431.61485987080755,435.6156595463161
1.342061e-06 1.342061e-06 1.097986e-01 0.00 0.4438892630283645 -0.03940583926181416 0.16336760287147203 0.5615471381223595 339.3487838564098,343.3473585400654,347.3455232207765,351.3444654092676,355.34295343274414,359.3421099099769,363.3406703096535,367.33974412565766,371.3384581079228,375.33778200148305,379.33658395360357,383.3357351322858,387.33463190691026,391.3337793928086,395.3327348598512,399.33196092051094,403.3309335261187,407.329878935119,411.328675848516,415.3276582522182,419.3263154379183,423.32513856729304,427.32351256016136,431.32213745886946,435.32046958409927
1.070090e-06 1.070090e-06 1.183321e-01 0.00 0.44395848028908974 -0.03940583926181416 0.16336760287147203 0.5615471381223595 339.3594850229875,343.3582688891762,347.3566373263919,351.3555159209997,355.35417275954325,359.3533134196318,363.35202425270467,367.35125898659044,371.3502448463312,375.34955227769325,379.3485297206565,383.3479018608116,387.3468470969604,391.3462616824829,395.3452714404859,399.3445843571825,403.3435242943412,407.3427909718909,411.3417541665591,415.34081884215766,419.3395421095316,423.33853609113606,427.3371781743014,431.3358659209866,435.33414889536806
2.303552e-04 2.303552e-04 1.566244e-02 0.00 0.43631857199809865 -0.03940583926181416 0.16336760287147203 0.5615471381223595 342.1390343237964,346.12320805557795,350.1080670621398,354.09254623169653,358.07770089324015,362.06226304850105,366.0473251163437,370.0321676765077,374.01735012681934,378.0021981941808,381.98749046277146,385.972334033874,389.9574930177883,393.94240813088743,397.9275650013516,401.9123824241799,405.8974322518406,409.8823196035855,413.86730525916647,417.8518539709995,421.8363027666529,425.8210575801271,429.8056960705671,433.7900274490464,437.77453869955656
2.665421e-05 2.665421e-05 3.772717e-03 0.00 0.4473330713264095 -0.03940583926181416 0.16336760287147203 0.5615471381223595 335.87444375241284,339.8796260043112,343.8844294155093,347.8888587972175,351.893906012384,355.8985595947357,359.90377632987963,363.90869057201604,367.91392755039254,371.91892815094394,375.92439959349167,379.92943610205174,383.9349621736783,387.9400373226102,391.94552543440386,395.9506116799712,399.9560927085748,403.96117010378197,407.9664505109503,411.97143871126025,415.976607350411,419.98151280241274,423.98668312410047,427.99126617512565,431.99614507915504,436.00130616322895
1.112886e-05 1.112886e-05 1.285113e-02 0.00 0.4426919815157171 -0.03940583926181416 0.16336760287147203 0.5615471381223595 339.1624911990564,343.15891044175316,347.15495147153405,351.1514864605634,355.14780092746224,359.1445736562846,363.1410993646795,367.1380984825565,371.13462461482203,375.1317076406776,379.12837235396177,383.1253574427865,387.12206164705395,391.11914559999553,395.1158255405293,399.1129163340504,403.1094928449758,407.10647799685415,411.10300333396555,415.09986482483293,419.09622825389147,423.0928144982848,427.08905688231215,431.08554279849807,435.0815389733885
2.029921e-07 2.029921e-07 2.343661e-01 0.00 0.4447277704372831 -0.03940583926181416 0.16336760287147203 0.5615471381223595 339.47873589713765,343.4789417913862,347.4785129437728,351.47899390662207,355.4790176695168,359.4795048629267,363.4796580842388,367.48029254997317,371.4805263980462,375.48119796780907,379.48162700637965,383.4823427789812,387.4829158078411,391.4836445394243,395.48409254080565,399.48477485317056,403.4853459761139,407.4857192420095,411.4860635731202,415.4864158366095,419.4865889473475,423.48698971711144,427.48706662740864,431.48724208011754,435.48687919216866
1.059400e-06 1.059400e-06 2.079001e-01 0.00 0.4450590044941952 -0.03940583926181416 0.16336760287147203 0.5615471381223595 339.5300170631123,343.53066460084324,347.53106170349747,351.5320136175223,355.5325896528829,359.53376822528855,363.5345376385774,367.535707035172,371.53668860592967,375.5378222428132,379.5389253344257,383.54021756618033,387.54126159425084,391.54263196165954,395.54365426202287,399.5451157154267,403.5460488727428,407.54735389961405,411.54803192748113,415.5492533576251,419.54984369439484,423.5508557759575,427.5514510670582,431.55218946420285,435.5524003180756
1.251730e-05 1.251730e-05 8.520341e-03 0.00 0.44256271644456624 -0.03940583926181416 0.16336760287147203 0.5615471381223595 339.14222688298514,343.138451792656,347.1342300639297,351.130697799164,355.12673020755506,359.12329088041787,363.11959814859415,367.1161717512757,371.1127164812504,375.1093951195618,379.1058968575528,383.10258742531494,387.0990632860772,391.0958649888112,395.0923039301745,399.0890920863076,403.0854687664475,407.0823011165147,411.0785879354267,415.07512456867613,419.07139211143306,423.0677030318064,427.0637504280506,431.0599071499221,435.05572839984535
3.333462e-07 3.333462e-07 1.541989e-01 0.00 0.44422526202811635 -0.03940583926181416 0.16336760287147203 0.5615471381223595 339.40106442025217,343.40027680164525,347.3989672553113,351.3984694141155,355.39738581002285,359.3970935289542,363.3963179422379,367.39608940584304,371.39552501162353,375.3953709670782,379.3947691178811,383.39468384581346,387.39405122240964,391.3939671910991,395.39343813559714,399.39318254020856,403.39262617390125,407.3924410027993,411.3917925929318,415.39138713845574,419.3906401169196,423.3900984252999,427.3892232695717,431.388226156148,435.3871542981972
1.431730e-05 1.431730e-05 3.293380e-02 0.00 0.4465888098304461 -0.03940583926181416 0.16336760287147203 0.5615471381223595 339.76551235531394,343.7689741035432,347.77213816179847,351.7758480155273,355.77920563264945,359.7830635014048,363.7866348011245,367.79065803714076,371.79429449822646,375.79836898654264,379.80210167735623,383.80619738282314,387.80993341663907,391.81400207407466,395.8178418921035,399.8218603820441,403.825686376463,407.82965093821963,411.8333701593011,415.83721433037266,419.8407476223386,423.8442653896845,427.8477420245119,431.85138708854817,435.8544280648113
6.174528e-05 6.174528e-05 5.231310e-02 0.00 0.44886783172564293 -0.03940583926181416 0.16336760287147203 0.5615471381223595 336.1066848557725,340.1137567750671,344.1212108252241,348.1284909337008,352.1362893524725,356.1436205659747,360.15152607929576,364.15915684962613,368.16709543897684,372.17488503497043,376.18310424134756,380.1909130271653,384.1990945432778,388.2069802094704,392.2152417367057,396.22312186794153,400.23119020668344,404.23903104411477,408.2472117676718,412.2549003761101,416.26287477777583,420.27052606247116,424.27832078947796,428.28567372990244,432.29324530384315
2.073891e-06 2.073891e-06 9.154340e-02 0.00 0.4437317039536898 -0.03940583926181416 0.16336760287147203 0.5615471381223595 339.3242609806677,343.3225610379992,347.32060361917286,351.31915528297867,355.31727362314035,359.3160334970616,363.31449691302777,367.3132549450133,371.31168533459237,375.31060827490256,379.3091427602818,383.3080349297257,387.30676032827114,391.3056344970834,395.3042587468493,399.3032595059517,403.3018338476319,407.30054379446005,411.2990426313267,415.2976841705153,419.29599995445744,423.29449953860876,427.2927924572549,431.2911246858936,435.2890653571686
1.010486e-04 1.010486e-04 1.963689e-01 0.00 0.4390291046020479 -0.03940583926181416 0.16336760287147203 0.5615471381223595 338.5862804537987,342.5760236157476,346.56539174652175,350.55533417763587,354.54486324365905,358.5350210938931,362.5245764855474,366.5147348078238,370.504538748413,374.4948659050275,378.484829296588,382.47509996107624,386.46503154828576,390.45524663808277,394.4452929472591,398.4354600617467,402.42539474079376,406.41560683004144,410.4054500178862,414.39547464023724,418.38514158532547,422.3750116891206,426.3644351864346,430.35426823551506,434.34338230253456,438.33327074901996
2.054997e-05 2.054997e-05 6.997576e-04 0.00 0.4420149294684216 -0.03940583926181416 0.16336760287147203 0.5615471381223595 339.05676841687,343.05173968450333,347.04659189615546,351.0420558839856,355.0371750659614,359.0326883325176,363.0279204296428,367.02355904446534,371.0189599304459,375.01469640198684,379.01007185007506,383.0058388083364,387.0014484144318,390.99726757673034,394.992725446023,398.9884399848116,402.98383574591077,406.9794602033456,410.97472047553697,414.97038180735797,418.9656451151135,422.9610333734212,426.95607112655955,430.95134771558475,434.9460753546522
4.156209e-06 4.156209e-06 1.231387e-01 0.00 0.4456349754875085 -0.03940583926181416 0.16336760287147203 0.5615471381223595 339.61895955086254,343.6205936605851,347.6220721657113,351.62404309273626,355.6256213267601,359.6276805976221,363.62957340991994,367.63187108061646,371.63379016969714,375.63625241266254,379.63821536798184,383.64059606758616,387.64274820280866,391.6449828026553,395.6469969669117,399.6493797528086,403.6514287955978,407.6536955473201,411.6557231446467,415.6577839744902,419.6595654989182,423.661651043408,427.6632495819687,431.66504945862,435.66651514033236
3.227395e-08 3.227395e-08 1.908378e-01 0.00 0.444466771217338 -0.03940583926181416 0.16336760287147203 0.5615471381223595 339.4383915517581,343.4380081704328,347.4373532814769,351.43716837399796,355.4368999209048,359.4367169450062,363.4364273993238,367.4365387707976,371.43640843314546,375.4367031025263,379.4365565977808,383.43680961544106,387.4368824075212,391.4371698802551,395.4370273801975,399.4372285128489,403.43709921869004,407.43725290880263,411.43713895267615,415.43712973761416,419.4368720632921,423.4367693856129,427.436204545347,431.43591758577173,435.4351486387904
1.211218e-04 1.211218e-04 2.190910e-01 0.00 0.45063533699447994 -0.03940583926181416 0.16336760287147203 0.5615471381223595 336.3714465755928,340.38125009560133,344.3919348028297,348.40233914235915,352.4132061437771,356.42379078226395,360.43484308313526,364.4456427027559,368.45671113916444,372.4676490518688,376.47889953933037,380.489921747536,384.5011894622983,388.51217760047786,392.5235247795657,396.53457653933765,400.54585698334273,404.55682519118477,408.5680457638855,412.5789378237679,416.59008203856274,420.60085896661155,424.61182405838645,428.62238565442897,432.63323596312193
2.673843e-06 2.673843e-06 7.846428e-02 0.00 0.44360292872773344 -0.03940583926181416 0.16336760287147203 0.5615471381223595 339.3042068177461,343.3023963747794,347.30019985856956,351.2984274205026,355.2964171423551,359.2948485502571,363.29304411374244,367.2914461672996,371.2898467240887,375.2884274731345,379.28678093095454,383.28556887790506,387.28389941493776,391.282569108837,395.28105696601125,399.2796356039508,403.27806811687265,407.2765496579084,411.2748097198856,415.2732937253717,419.2714201554603,423.2696572927948,427.26768428553584,431.2657515298297,435.2634813596735
2.565137e-05 2.565137e-05 3.438660e-03 0.00 0.44730758378919394 -0.03940583926181416 0.16336760287147203 0.5615471381223595 335.8706696836881,339.8758589336798,343.8805398993457,347.88490690492466,351.889811966616,355.8945280059769,359.8997142304983,363.90447499716333,367.9097525956944,371.91469450465144,375.9199582310238,379.92508034643276,383.9304553954162,387.9356241279163,391.9410764547686,395.9461426803377,399.9514580955299,403.95648153674625,407.9618015135712,411.96669414482074,415.97185868513105,419.97668639486966,423.9816999427475,427.98640158980925,431.991162081465,435.99638088975206
4.193395e-08 4.193395e-08 1.985613e-01 0.00 0.44451537917243517 -0.03940583926181416 0.16336760287147203 0.5615471381223595 339.4459157418286,343.44566353128636,347.4449698766894,351.4449897872935,355.44458282671854,359.4446877748575,363.44443388615065,367.4446142762253,371.44461659016014,375.4449942258494,379.4449570506905,383.445455263497,387.445399512952,391.4457616991036,395.4458476191126,399.4460513692521,403.44597553350076,407.4463638048838,411.44610883369666,415.4463000953027,419.4460092203386,423.446042026041,427.4458146855486,431.44543593913136,435.4447635010961
7.954308e-05 7.954308e-05 2.074752e-01 0.00 0.4396715752874764 -0.03940583926181416 0.16336760287147203 0.5615471381223595 338.6879512512568,342.6789596083207,346.6695076823862,350.66044445742267,354.65120797707334,358.6424890734793,362.63345753665993,366.62488791593876,370.61582799203075,374.6073084680092,378.5983266764846,382.58979998989196,386.5810376262518,390.5724690718978,394.5636449197282,398.55517549457426,402.5463127697405,406.5374894143735,410.5284792229276,414.5196983166774,418.5105967549056,422.50166964337785,426.4924699825168,430.4834241714783,434.4738567067158,438.4646487408023
5.302563e-05 5.302563e-05 2.955375e-02 0.00 0.4485438476754722 -0.03940583926181416 0.16336760287147203 0.5615471381223595 336.05802251510096,340.0643389087621,344.07133366716454,348.07792956751626,352.08511354834894,356.09199264600403,360.09936135727503,364.1064043548318,368.11384784770655,372.1210645230612,376.12867441902534,380.13591102568785,384.1435107984557,388.15091294998837,392.15846352840714,396.1656538783192,400.1732534741698,404.180481506024,408.1880614488105,412.19517919228906,416.20254132667196,420.2095849980187,424.2167856485874,428.2236229585321,432.2307666092515
1.877111e-04 1.877111e-04 1.002854e-02 0.00 0.4370725839200892 -0.03940583926181416 0.16336760287147203 0.5615471381223595 342.26116926991403,346.24683100425074,350.23295526168334,354.2190106978316,358.2052365634965,362.19136818666664,366.17795234818743,370.1641817082117,374.150733218473,378.13704607655177,382.1236580075568,386.10988347962825,390.09653848337194,394.082753290047,398.069525841853,402.0556468367563,406.0421578289846,410.02832345907393,414.0147588485828,418.00076719716105,421.98708808405405,425.97286706880806,429.9589188306942,433.9445594907518,437.9304479979106
3.015132e-05 3.015132e-05 1.198722e-02 0.00 0.44151520005973777 -0.03940583926181416 0.16336760287147203 0.5615471381223595 338.97847943517655,342.97261812812235,346.96662986101205,350.96100312667875,354.95517699387705,358.94977948710476,362.9440659464796,366.93875967188967,370.9332787207772,374.92813704175904,378.92273009314545,382.91746393623697,386.91215183939136,390.906947514401,394.9014735764433,398.8962758391356,402.89082297515995,406.88559049266877,410.88005634380835,414.87465960497656,418.8690278558575,422.8635054972756,426.8575413304453,430.8517319737146,434.8457591919796
6.554221e-06 6.554221e-06 8.941224e-02 0.00 0.44592185354570457 -0.03940583926181416 0.16336760287147203 0.5615471381223595 339.6630627600252,343.66539151833933,347.66727269247906,351.6697919507191,355.67189791217965,359.67453902953486,363.6768241031864,367.67972537695266,371.6819888335606,375.6849793690387,379.6875572634945,383.69051449106416,387.6930710321273,391.6960447849799,395.69857158590264,399.701370034961,403.70393078177574,407.706749456311,411.7091287872766,415.7118487778598,419.7142296298608,423.71665586580184,427.71890096761604,431.7212323859725,435.7232351093789
2.911894e-08 2.911894e-08 2.011722e-01 0.00 0.4445312877222844 -0.03940583926181416 0.16336760287147203 0.5615471381223595 339.4482793122353,343.4481498155775,347.44757941926343,351.4475347481941,355.44714473404764,359.4473050889959,363.4470721936567,367.4472639168392,371.4472490408874,375.44766546567615,379.4477518150315,383.4482110061935,387.4482474773299,391.44864078415753,395.44859408423036,399.44900286049807,403.44898523443874,407.449282055499,411.44915598420135,415.4493697094502,419.449051889991,423.4491087591711,427.4489047679463,431.44859170519527,435.4478738278718
3.999182e-08 3.999182e-08 2.058358e-01 0.00 0.44455965699189576 -0.03940583926181416 0.16336760287147203 0.5615471381223595 339.45284509108495,343.45258435513136,347.4521133072764,351.4521556410962,355.4517896429452,359.4519305277708,363.4517970197618,367.4520508710884,371.4521189928335,375.4525498422959,379.4526398823771,383.4531958448451,387.45331187024465,391.4536985858575,395.4536863488887,399.45420560691247,403.4542706439609,407.4545098372696,411.4544988002122,415.45474600459426,419.45469277661806,423.45459390141065,427.4543449503093,431.45428410912683,435.453647235086
4.994082e-06 4.994082e-06 4.909530e-02 0.00 0.44328804157961577 -0.03940583926181416 0.16336760287147203 0.5615471381223595 339.25526874372724,343.2528465012137,347.2499908948197,351.2477411558722,355.2450140706784,359.2430487709768,363.2405517181362,367.2385651580478,371.2361352202771,375.23436282287486,379.23205068260904,383.2302283733001,387.22812000888234,391.22621401610803,395.2239559252529,399.22213122342845,403.21981053488435,407.2178220398004,411.21542767031923,415.21329201677753,419.2108859825939,423.2086370424003,427.20603066819956,431.2036509248085,435.20079418851594
1.588656e-05 1.588656e-05 2.441229e-02 0.00 0.446718274536141 -0.03940583926181416 0.16336760287147203 0.5615471381223595 339.78538029046814,343.7891057462551,347.792424895955,351.79640817843574,355.79995038466416,359.8041391146031,363.80784691495126,367.8121207370166,371.81593336088974,375.8203353522329,379.82429594870445,383.82859105911604,387.8326029078688,391.83697267005823,395.84101690276316,399.84531813298383,403.84925803680363,407.85354566947655,411.8573979759229,415.8615466905461,419.8652186629488,423.8692538519983,427.87296273974215,431.87647658434616,435.87991063571707
2.371656e-05 2.371656e-05 2.594501e-03 0.00 0.44185157251441837 -0.03940583926181416 0.16336760287147203 0.5615471381223595 339.0311376950053,343.0258895879921,347.02049313807225,351.01554285045745,355.0103106239271,359.00565015648624,363.00055131726214,366.9959118238638,370.9908964750869,374.986306280183,378.98158517727245,382.9771156729226,386.97237526346674,390.96773910292575,394.9628744891429,398.95830612822516,402.95341651560216,406.9488462685689,410.9438091461373,414.9391489252222,418.93412205413557,422.9291448950337,426.9238853995721,430.9188120016925,434.91326297503656
1.016311e-04 1.016311e-04 2.010733e-01 0.00 0.4501152579041307 -0.03940583926181416 0.16336760287147203 0.5615471381223595 336.2936914803472,340.30270870098764,344.3124179579751,348.32194709590823,352.3319091215428,356.3415637323353,360.351669027413,364.3614278657257,368.371748188215,372.38174600405375,376.39212815582505,380.40222154473815,384.41262584716065,388.42263660218725,392.4330976855464,396.44317836987034,400.45353788595224,404.4636265746621,408.4738696805832,412.4839014805138,416.493931512011,420.503910169244,424.5139169881365,428.5235908770374,432.53340813990826
6.445217e-08 6.445217e-08 1.787848e-01 0.00 0.44438947198440487 -0.03940583926181416 0.16336760287147203 0.5615471381223595 339.4264571389569,343.42595925525916,347.4250757101458,351.42477601010273,355.4242308511026,359.42402913102046,363.4235515275277,367.4235171019544,371.4232682433972,375.4234792447366,379.42322009222084,383.42340565587494,387.4231198661544,391.4233053841633,395.42302787952394,399.42305299466403,403.4228754172254,407.42296335882884,411.42265905405975,415.42251459104773,419.4220396384996,423.421862565246,427.42121614692223,431.4207680911874,435.41976346013985
4.118555e-04 4.118555e-04 1.664936e-01 0.00 0.4336158769403724 -0.03940583926181416 0.16336760287147203 0.5615471381223595 341.6982430949954,345.67744890954026,349.657083488403,353.6365673685764,357.6163966174017,361.59607212912294,365.5760061401887,369.55567213773764,373.53577089965637,377.5154879831548,381.4957162649214,385.475417408148,389.4555038436822,393.4352847180825,397.4152561148853,401.3950505869542,405.37500711990543,409.35462203752803,413.33454667586756,417.31402852372224,421.2937301365183,425.2730681742322,429.2525799851905,433.2316543916605,437.2111129866475,441.18993336589335
9.063061e-06 9.063061e-06 2.128461e-02 0.00 0.4428722416392297 -0.03940583926181416 0.16336760287147203 0.5615471381223595 339.1905599227424,343.18744049596637,347.1837715436288,351.1806094109482,355.1771538437026,359.17431443982133,363.17120235703675,367.1684913543231,371.16545741164623,375.16282584400415,379.1597574723581,383.1571779111546,387.15415551777176,391.1514028679365,395.14847286560195,399.1459094765113,403.14282643080736,407.1400850064459,411.13700453246724,415.1342719134812,419.13105883785704,423.12790761409,427.12459194632754,431.12117815236263,435.11755183070886
4.290787e-05 4.290787e-05 1.021775e-02 0.00 0.44813305197913383 -0.03940583926181416 0.16336760287147203 0.5615471381223595 335.99611539425234,340.00179029071455,344.008022588619,348.01393220804766,352.02039039054193,356.02644823399584,360.0331986353917,364.0395012195286,368.04622669391017,372.05271352094536,376.0593928256057,380.06604234778507,384.0728966659769,388.0794791775452,392.08634056499756,396.0928163766347,400.0997438879458,404.1062044830143,408.11294357239944,412.11935209918397,416.12600913993435,420.13234272368965,424.1388861555689,428.1449999046218,432.15133957752903
7.656231e-08 7.656231e-08 1.765104e-01 0.00 0.4443746652639808 -0.03940583926181416 0.16336760287147203 0.5615471381223595 339.42413731507713,343.4236337975255,347.42272469651147,351.4224304894661,355.4217479228452,359.42155159629635,363.42110534157234,367.42112610088196,371.420771517116,375.42090886432715,379.42062095930504,383.42074194222783,387.42050394674493,391.420640952195,395.4204233550623,399.42044420083505,403.42015604958226,407.4201292448303,411.4197918140995,415.41967022215914,419.41923992349535,423.4190029448063,427.4182612559467,431.4178369684593,435.4170419707851
1.285901e-07 1.285901e-07 2.267379e-01 0.00 0.444683012933731 -0.03940583926181416 0.16336760287147203 0.5615471381223595 339.47185677517035,343.471907895303,347.4716343047757,351.471873620888,355.47172817995585,359.47221529230796,363.4722773811214,367.4727929934185,371.47299796472066,375.47370024578856,379.47390519872255,383.47462615156576,387.47496286868994,391.47565844697493,395.47604033804686,399.47663979304167,403.4768945628969,407.4773012339633,411.4776853396564,415.47805711991026,419.47804758980135,423.4784154477043,427.47829532314734,431.4783698349402,435.478127867314
6.436254e-06 6.436254e-06 9.101051e-02 0.00 0.44590712339257205 -0.03940583926181416 0.16336760287147203 0.5615471381223595 339.66076261924474,343.66299220766285,347.6649479462077,351.6674392410364,355.66945742033056,359.67220406563183,363.67439874197555,367.67717635649853,371.67962341533433,375.6824708347284,379.6850696312683,383.6878734645198,387.6904884801031,391.6933237159898,395.69590817391173,399.698741659701,403.70118038926444,407.7039663127784,411.70664225382797,415.7090405383528,419.71132619698545,423.71382966524016,427.7160993486858,431.71831805315435,435.7204487800097
3.427724e-05 3.427724e-05 2.079514e-02 0.00 0.4413020506921952 -0.03940583926181416 0.16336760287147203 0.5615471381223595 338.9451035583799,342.93879186508855,346.93239777572677,350.92641892283166,354.9200825694149,358.9143193764728,362.9082732811194,366.9026097175915,370.896793778905,374.8911874622734,378.8853429820406,382.87980412547637,386.8740513786084,390.8683699155041,394.8625756810839,398.85694755711984,402.8511024200788,406.84553547244855,410.83967108520824,414.8337607086735,418.8278289051477,422.8217595287678,426.81540850066796,430.8092900196313,434.80284534843764
1.850991e-05 1.850991e-05 1.619202e-02 0.00 0.44689330305054725 -0.03940583926181416 0.16336760287147203 0.5615471381223595 335.80856726642503,339.8122044388747,343.816180529014,347.81996368320773,351.8241818199951,355.82799769015327,359.8325458517683,363.83653628782804,367.84109354312005,371.8453009853539,375.85000366204713,379.85430739939704,383.8588197895984,387.8631649090034,391.8678704465774,395.87227583224075,399.876777107182,403.88109445256663,407.8856621103619,411.8898419759309,415.89434061018073,419.89841418347817,423.90272827454703,427.90669584748025,431.9106180755484,435.91437412521594
5.472992e-06 5.472992e-06 4.480882e-02 0.00 0.44323391828699554 -0.03940583926181416 0.16336760287147203 0.5615471381223595 339.24687047691594,343.2443404523924,347.241382682227,351.23907236920616,355.23623639641056,359.2340658260941,363.2314489697048,367.2293686188796,371.2269843982527,375.2249290649123,379.22263835711783,383.22072870948483,387.2183760242488,391.21655252304487,395.214233806751,399.2121366609446,403.2097515080933,407.20768759271095,411.20519162801145,415.20305965332165,419.20048133982044,423.19809554572583,427.1954733078928,431.19288286196587,435.18988714910626
6.452591e-05 6.452591e-05 1.033819e-01 0.00 0.4400809859895956 -0.03940583926181416 0.16336760287147203 0.5615471381223595 338.75253490469953,342.7444344110488,346.7357207560751,350.72748233986397,354.71901598504303,358.7109262773988,362.7025922459255,366.69471978099637,370.68656047097267,374.678801904516,378.67066888819744,382.66289815230243,386.6546811946198,390.6469785122879,394.6388022064147,398.6311245000115,402.6230074613081,406.61511483523236,410.60690616433595,414.5987132507032,418.5904265320034,422.5821708848645,426.57364997022785,430.5653229076318,434.55675712083666,438.5485833846182
1.070614e-07 1.070614e-07 2.215957e-01 0.00 0.44465395913260786 -0.03940583926181416 0.16336760287147203 0.5615471381223595 339.46736179035037,343.46739278737584,347.4669109983501,351.46720491499,355.4670932692897,359.46738542238666,363.46746400137494,367.46786108107443,371.46808212018976,375.4686104079764,379.4688653518725,383.46954687923414,387.4698704105477,391.4704482415134,395.47084133672837,399.4714411566065,403.4715719920225,407.471941892314,411.4721479974323,415.47241940385413,419.4725999607651,423.4727767842402,427.47274764647966,431.4726413063998,435.47236605488064
4.211220e-06 4.211220e-06 1.255558e-01 0.00 0.44562252029182187 -0.03940583926181416 0.16336760287147203 0.5615471381223595 339.61689248195955,343.618715526154,347.6200073816807,351.6219854016475,355.62354675856045,359.62572714686127,363.6274979993745,367.62975017638706,371.631814713532,375.6341322452933,379.63606229539903,383.63847465572445,387.640461847333,391.6427810876209,395.6448747315551,399.64721124823126,403.6491452083142,407.65138814593075,411.6534197094086,415.6555181484523,419.6573301923279,423.65932824028357,427.6609989401359,431.662731544134,435.6639812993392
4.225361e-07 4.225361e-07 1.471602e-01 0.00 0.44417552521936615 -0.03940583926181416 0.16336760287147203 0.5615471381223595 339.39339835447856,343.3924174258724,347.3910905593637,351.3904617477982,355.3894348427663,359.38884096617505,363.38806483106896,367.3877823007986,371.3870521332072,375.3867590998081,379.3861930702592,383.38589622289027,387.3853500921179,391.3850612091795,395.3843961326043,399.38409785227304,403.38351466042997,407.38318833425376,411.3824334156163,415.3819711517821,419.38112843014255,423.38051386029747,427.37951904822637,431.3786288897101,435.37732094187135
2.286283e-07 2.286283e-07 1.578962e-01 0.00 0.4442490865818986 -0.03940583926181416 0.16336760287147203 0.5615471381223595 339.40468107664884,343.40394889393593,347.40282741270937,351.4022027735388,355.4014440412014,359.4009689567404,363.4002868510745,367.40015422353076,371.39950928424173,375.39935150561894,379.39889181417215,383.39875911449894,387.3984576113626,391.3981422507101,395.3977482045788,399.39757046875326,403.3969781665514,407.3967552522977,411.3962576091056,415.39594661348457,419.39515022801686,423.394706221805,427.39381113466436,431.3931379782215,435.3920278320305
1.524764e-05 1.524764e-05 3.295435e-03 0.00 0.44236088910230265 -0.03940583926181416 0.16336760287147203 0.5615471381223595 339.11073546955777,343.10650900670805,347.10202355182923,351.0979942262522,355.0936660735272,359.0899076396643,363.08578215488666,367.08209823396595,371.07820593412106,375.07449915374934,379.0705637997705,383.06688471161567,387.06311224577644,391.0595735966563,395.0556392970729,399.0520208359945,403.0481991989562,407.04443029117596,411.04041502484563,415.03652821126775,419.03235158747447,423.0283674543761,427.02402121510687,431.0199713514373,435.01536127558717
4.300407e-07 4.300407e-07 2.414946e-01 0.00 0.44486089780915633 -0.03940583926181416 0.16336760287147203 0.5615471381223595 339.4993396007618,343.4997334323417,347.49977546665076,351.50027533123506,355.50054805665917,359.5014281272297,363.5017128533276,367.50265280217275,371.50308331460315,375.50403042770927,379.50463783321385,383.50564144799705,387.5063411297727,391.5073273089601,395.50812125911494,399.50898238532704,403.5096383506163,407.51046689352665,411.511043451319,415.5118137237833,419.51215741344856,423.51268697541593,427.5129212340546,431.513334962539,435.51322516500557
3.064654e-05 3.064654e-05 1.118918e-03 0.00 0.4475670595559999 -0.03940583926181416 0.16336760287147203 0.5615471381223595 335.9100234561941,339.91538086809095,343.92065262586146,347.9255415487825,351.93100354301055,355.93615095792785,359.94167109552563,363.9468864613935,367.9526544629679,371.95799395737504,375.9638485553644,379.96937552974725,383.9752744833157,387.98088149294523,391.98667821588805,395.9923168222692,399.9982196069552,404.00367194423205,408.0093170892714,412.01485979475905,416.02047364366103,420.02572008193494,424.03117053077915,428.03621284148477,432.0415540619996,436.04738613103507
9.405870e-06 9.405870e-06 6.172459e-02 0.00 0.4462025053811528 -0.03940583926181416 0.16336760287147203 0.5615471381223595 339.7062095711034,343.70894921242854,347.71149818228326,351.71452002997756,355.71715448668226,359.72015535061473,363.7230742656766,367.7263892481427,371.72927892249976,375.73271279108417,379.7356602830217,383.7390961719404,387.74221483249585,391.74573538567375,395.7488508059679,399.7522443553831,403.7552812831198,407.7585548632552,411.7615153938033,415.7646923924742,419.7675612016538,423.7704606928127,427.77309917177803,431.7759587780645,435.7786693583525
4.418552e-05 4.418552e-05 4.981285e-02 0.00 0.44086934507569864 -0.03940583926181416 0.16336760287147203 0.5615471381223595 338.8769447799107,342.8699566706821,346.86266286998665,350.8559410451875,354.8489284306214,358.8425015682121,362.83566702637745,366.82916024532943,370.82250314075173,374.81595564984366,378.80928111074,382.80303508822607,386.796425640859,390.7901711256183,394.7834344584146,398.7771321372103,402.7704816459422,406.7639243645333,410.75714929491477,414.7505908117427,418.743709622325,422.7370453767146,426.7299362430615,430.7230344175209,434.7157588453758,438.70894744440034
2.468321e-06 2.468321e-06 1.614948e-01 0.00 0.4453587980889893 -0.03940583926181416 0.16336760287147203 0.5615471381223595 339.5762431322045,343.5774696100876,347.5783051672244,351.5798709635538,355.58105954907523,359.5826212537533,363.5839597662448,367.585854988582,371.5872564750223,375.58915821344596,379.59061976856265,383.59258628403074,387.59408563884443,391.59596098167833,395.5974723100028,399.59926575678844,403.6009436253946,407.6026673783831,411.6040632623151,415.60585157081977,419.60713318873314,423.60860792670104,427.60968821803397,431.6110199046076,435.6117836738703
7.492764e-05 7.492764e-05 9.425826e-02 0.00 0.44931273262073024 -0.03940583926181416 0.16336760287147203 0.5615471381223595 336.1732478778725,340.18111974107427,344.18954982246566,348.1974973818245,352.2061719281557,356.21433653511986,360.22299481728965,364.2315515234689,368.2402773640545,372.24888667854924,376.2577804423776,380.26641145227865,384.27531507395076,388.2839787648032,392.2929675807355,396.30173343777966,400.3106354801109,404.3192761713466,408.3281434188247,412.3366730087264,416.345455102491,420.3538668316633,424.3624294648074,428.37074034687794,432.37909375284767
3.968141e-06 3.968141e-06 5.947280e-02 0.00 0.4434031750013399 -0.03940583926181416 0.16336760287147203 0.5615471381223595 339.27312082897924,343.2709557740106,347.26839953135215,351.26629345638946,355.26397758658953,359.26205901699285,363.2597990310106,367.25789078229184,371.2557886387751,375.2540591854134,379.2520874664704,383.2504524694554,387.2486641232855,391.24680930208524,395.24486665412286,399.24316736235016,403.2410721367931,407.23929178747255,411.23719238091695,415.2352735210063,419.23298412121807,423.2310203831835,427.22872376375756,431.2263794384476,435.22369390290595
2.344428e-07 2.344428e-07 1.605814e-01 0.00 0.4442691850636807 -0.03940583926181416 0.16336760287147203 0.5615471381223595 339.4077830558551,343.40706916914417,347.40603598506425,351.4054724380155,355.40454973134206,359.40430900894495,363.40358032734514,367.40341452462883,371.4030000690092,375.4028136749371,379.4024677624619,383.4023561251718,387.4018902041526,391.4017845891689,395.40134243311707,399.40125598654987,403.4007512108545,407.4005347836284,411.40011143790167,415.3996959183701,419.3990698021736,423.39865329304166,427.3977542217037,431.3971042198575,435.39602851504316
2.111729e-07 2.111729e-07 2.354569e-01 0.00 0.44473385163885376 -0.03940583926181416 0.16336760287147203 0.5615471381223595 339.4797166425875,343.4798152142752,347.47962864143614,351.4799662028738,355.48009529867886,359.48047745592834,363.4805745926498,367.4813084584879,371.4816083541244,375.48239878001124,379.48272867557233,383.4834298190709,387.48395637970395,391.48477426766203,395.48529973253466,399.4859030867143,403.4863349657486,407.48693143550844,411.48713763732684,415.48759553033517,419.487834103862,423.48818439069515,427.4882823476271,431.48842501930875,435.4881173117246
1.055490e-06 1.055490e-06 2.083025e-01 0.00 0.4450566526996166 -0.03940583926181416 0.16336760287147203 0.5615471381223595 339.5296181991197,343.53026022790016,347.530605826106,351.5316925182761,355.5322229038326,359.533245418384,363.5342056559441,367.5353002899898,371.53616710298894,375.53755850710854,379.5384878363927,383.539791324302,387.5408882026152,391.54219381126984,395.5432394232185,399.5444868349712,403.5454392662288,407.5468001690643,411.54770890434156,415.5487317602694,419.54952086036064,423.5504336900217,427.5510396658425,431.5517166152661,435.55190086103454
6.575841e-06 6.575841e-06 3.506063e-02 0.00 0.443091089351262 -0.03940583926181416 0.16336760287147203 0.5615471381223595 339.22464772824605,343.22183009783566,347.21868641761495,351.21597005563643,355.2130275669472,359.21050263396427,363.20765642136604,367.2052978279573,371.20266138274184,375.2004300901589,379.1978245865996,383.1956598175713,387.1930760671142,391.19087097273047,395.1882983833565,399.18599230615445,403.18325597038927,407.18099626596324,411.1783103053594,415.175805529883,419.17312211397444,423.17038263029406,427.1674727331413,431.16465371220744,435.16135047212305
1.080293e-05 1.080293e-05 5.116426e-02 0.00 0.4463262129513603 -0.03940583926181416 0.16336760287147203 0.5615471381223595 339.72518378691285,343.728202689248,347.7309473534953,351.73410247693107,355.7370361962632,359.7403473492543,363.7435812371725,367.7469451820134,371.75010736162994,375.7537388166262,379.75699229478175,383.7606518989382,387.76395778202993,391.7676216830225,395.77099405551013,399.7744802529649,403.7777971175577,407.78142583124816,411.7846116808988,415.78804521347814,419.7910260644897,423.79413845973903,427.79716044281173,431.80011034207655,435.80296490135294
1.827504e-05 1.827504e-05 8.502544e-04 0.00 0.44217363481088245 -0.03940583926181416 0.16336760287147203 0.5615471381223595 339.0814507275853,343.0769938727729,347.072007947239,351.0677410101137,355.0631489634559,359.0590351099232,363.05452184792586,367.05043042242625,371.0460113502184,375.04212601234076,379.037833654856,383.0338948883744,387.02970896602574,391.02577055802385,395.0216384131891,399.01769691899733,403.0134107164921,407.0092845524535,411.00495540317115,415.0006359105025,418.99626716526274,422.99195363033596,426.98737237591115,430.9827868218204,434.9780062342346
2.758004e-06 2.758004e-06 7.691291e-02 0.00 0.4435876846324638 -0.03940583926181416 0.16336760287147203 0.5615471381223595 339.30184493256985,343.29994028117346,347.29767357342376,351.2959215640805,355.2939413762254,359.2923746071925,363.2905231524172,367.2890427475624,371.2872090120748,375.2858618782289,379.28416043539625,383.2828329382983,387.2812523348677,391.27988923898545,395.27822603067295,399.27687459223193,403.27519391518155,407.2736606402027,411.2719665062926,415.27027965862396,419.26839407650823,423.26667522977357,427.26462254195854,431.26283290176474,435.2605300948032
4.439642e-08 4.439642e-08 1.944903e-01 0.00 0.44449007141281904 -0.03940583926181416 0.16336760287147203 0.5615471381223595 339.442087602279,343.44170316583507,347.4410084346695,351.44097245195246,355.4404450758809,359.4405620397242,363.4402462180933,367.4404217914178,371.44038855587667,375.4405828279005,379.44055564499394,383.44095302622264,387.44087531288267,391.44127387877995,395.4411701869859,399.441510446271,403.4414481602797,407.4415653135329,411.4414524131762,415.4415461513908,419.441325230401,423.44125567476857,427.44091385178103,431.44048490360706,435.4398172000747
4.807593e-06 4.807593e-06 1.206629e-01 0.00 0.44567603163548813 -0.03940583926181416 0.16336760287147203 0.5615471381223595 339.625261717307,343.627074264177,347.6284316762172,351.6305220812707,355.6322411810247,359.6344115242269,363.6363630853648,367.63868088344134,371.6407557591674,375.6432009101063,379.6452753373419,383.64770922043385,387.64987277731956,391.6523054276192,395.6544334442669,399.65677840492936,403.65893319359554,407.66133619902746,411.66337163245316,415.6655336467763,419.6675854959386,423.66955458712437,427.671221723127,431.6731714135476,435.6746394404635
2.009830e-05 2.009830e-05 1.216453e-02 0.00 0.446991427872829 -0.03940583926181416 0.16336760287147203 0.5615471381223595 335.8231024334803,339.82726090662516,343.8314393614643,347.83534005474877,351.8397737595714,355.84382074370103,359.8483776236281,363.85263386256304,367.8573763373898,371.8618353997158,375.86663368310496,379.8710258161527,383.87578348607246,387.88040692669466,391.88522434750473,395.8897699890661,399.89449267243526,403.89897404425744,407.9037026650222,411.9080689035472,415.9126154174111,419.9168530713803,423.92135353006,427.92553678793513,431.92981925035724,435.93373070021715
