1.545120e-03 1.545120e-03 1.685370e-01 0.00 0.4444730086581741 -0.038639686129376676 0.16336760287147203 0.5615471381223595 342.7787789916933,346.81777128765225,350.85651109376636,354.89565982266106,358.9345670202973,362.9740763892196,367.01318966289494,371.05269827795297,375.0917809476004,379.1312974852877,383.1706074389174,387.21031536944764,391.2496513197586,395.28921081027937,399.32855255402427,403.36818256369486,407.40746488602525,411.44700955279035,415.48618578876227,419.52554446100123,423.5645049572499,427.6038313929603,431.64279059904015,435.6816804842004,439.72031583227357
1.822192e-03 1.822192e-03 1.536564e-01 0.00 0.4444730086581741 -0.03857491081628278 0.16336760287147203 0.5615471381223595 343.0656739204766,347.10808756692455,351.1502087571337,355.19275235031483,359.2351064311873,363.27780406862576,367.3202760314834,371.3632257284324,375.40579246876575,379.44865233083505,383.4913940852448,387.53431042286246,391.57701935832984,395.62015328445494,399.66282605588924,403.7057782306879,407.74848690285654,411.79136266090404,415.83422076602585,419.87669574888315,423.9190450039985,427.96169958984643,432.0039617459898,436.0464245658294,440.0883674723941
3.202138e-06 3.202138e-06 7.021907e-02 0.00 0.4444730086581741 -0.039440278600527366 0.16336760287147203 0.5615471381223595 339.2915407153367,343.28942326846663,347.2869417829106,351.28510965701724,355.28290692680036,359.28116605838306,363.2791963208922,367.27753776547746,371.27566810741706,375.2741453256127,379.2723895626983,383.2710235642329,387.26919509164094,391.26769501421467,395.2658915943105,399.2644192650497,403.2625802269795,407.2609147779634,411.2590924771502,415.25737832299114,419.25539390964906,423.2535660596234,427.25134853390153,431.24930875128865,435.24677967254746
1.471303e-03 1.471303e-03 1.282596e-01 0.00 0.4444730086581741 -0.03865717119717598 0.16336760287147203 0.5615471381223595 342.7015152278766,346.7395484382544,350.7774141563684,354.8157143552298,358.8536830560707,362.89225003862447,366.93027183985026,370.9689510909759,375.0072855528239,379.04588276053,383.0841967360468,387.12293602896074,391.16131921469815,395.2001125393276,399.2385195059471,403.2771570305857,407.3155792427814,411.3543209140058,415.39236328298824,419.43094746522706,423.4690600387637,427.5072164354105,431.5452356252099,435.5834461075249,439.6210616164964
4.604705e-04 4.604705e-04 2.051694e-01 0.00 0.4444730086581741 -0.03898579632529473 0.16336760287147203 0.5615471381223595 341.25794252025,345.2791133373879,349.2998479205666,353.3211247569271,357.3420859020614,361.363575040372,365.3848122162436,369.4062925289034,373.427576450405,377.4492676434196,381.470573846764,385.49232159272145,389.51379451391773,393.5354599970916,397.5568511130819,401.5786307042369,405.5999799324722,409.62143644310817,413.64272361949907,417.6641633701496,421.6852868050213,425.7066905306346,429.7275583645781,433.74880770080676,437.7694486600957
8.600510e-04 8.600510e-04 1.538585e-01 0.00 0.4444730086581741 -0.038831801840659916 0.16336760287147203 0.5615471381223595 341.93213097965435,345.9611128347451,349.9898536210535,354.0191986364137,358.0481308620097,362.07749199422346,366.1065066498532,370.13616613307676,374.16530499112616,378.1949204926574,382.2241898463551,386.2539398031909,390.2833096795858,394.3128580077494,398.34230280440886,402.3719001527633,406.4011471693996,410.43069361794727,414.45982374471873,418.48931340544027,422.51826892523025,426.5476515082237,430.57645713887456,434.60561639661887,438.63414523082594
4.792458e-04 4.792458e-04 8.524606e-02 0.00 0.4444730086581741 -0.03984107080096129 0.16336760287147203 0.5615471381223595 337.5854291942694,341.5631124947441,345.54053495822444,349.51853301796694,353.49619899540073,357.474422784048,361.4522927115868,365.4306385711897,369.4087129153523,373.38705400362284,377.36518529781586,381.34350969472655,385.3217634465001,389.2999978277215,393.2782696290495,397.25656294692357,401.23463297542554,405.21297046201175,409.1909871889768,413.16920497992004,417.14706364393123,421.12508227160953,425.10280012095035,429.0805846801746,433.0579869214162
1.310503e-04 1.310503e-04 9.658206e-02 0.00 0.4444730086581741 -0.039632126032896384 0.16336760287147203 0.5615471381223595 338.47173348348076,342.45986220510395,346.4477862911544,350.43613923649013,354.42422592009143,358.4129469447817,362.4012553081522,366.3900481424302,370.37851745966736,374.3673397648574,378.355822948095,382.3446542430514,386.33334043803467,390.32222549291254,394.3106630008148,398.299509392062,402.2880873914289,406.27675472532906,410.2652125984771,414.25382364284485,418.24223702938656,422.2308077284625,426.2187781070288,430.20717414291977,434.1949829357911
1.196395e-04 1.196395e-04 1.296655e-01 0.00 0.4444730086581741 -0.039621969319770765 0.16336760287147203 0.5615471381223595 338.51483262681836,342.5036056905808,346.4920619193873,350.4809699093993,354.4696016593444,358.4587565058498,362.44750324457584,366.4368746562332,370.4258016594736,374.4152370031702,378.40423974673854,382.39366378891,386.3827123671736,390.37202709817336,394.36106866972546,398.35038023740856,402.3395245599432,406.3287164525298,410.3177181054152,414.30678986767987,418.2956354119667,422.28467876903414,426.27326247147187,430.26216705334315,434.25048822518846
1.714113e-04 1.714113e-04 7.120475e-02 0.00 0.4444730086581741 -0.03914769959033258 0.16336760287147203 0.5615471381223595 340.55354320168203,344.56635388299395,348.5787203014756,352.5917702716958,356.60449510914293,360.61764772155345,364.63046805119035,368.64376978956614,372.6566703595275,376.6701123374364,380.68310472647227,384.6966481825144,388.7097399192267,392.72314163566824,396.7361521684204,400.749507358258,404.76262875890995,408.7758757565266,412.78885937139296,416.80197416482315,420.8147766554577,424.8278810380544,428.8406314871342,432.853454475598,436.8657497557951
3.292421e-04 3.292421e-04 7.862577e-02 0.00 0.4444730086581741 -0.039048290044487184 0.16336760287147203 0.5615471381223595 340.98553815170607,345.00347828776563,349.0210195070837,353.0391751836272,357.05671420494275,361.07511233225586,365.0929489960666,369.11139199176677,373.12946762232707,377.1479241062686,381.16606001032596,385.18453355710704,389.20273648448074,393.22133608654303,397.2394939682815,401.25801604072103,405.2760771428604,409.2944889435188,413.3125116765035,417.33072095784354,421.34867071648193,425.36675548612595,429.384613236115,433.40249607440154,437.4199342106905
5.567888e-04 5.567888e-04 6.185102e-02 0.00 0.4444730086581741 -0.03894288970548493 0.16336760287147203 0.5615471381223595 341.4454237416954,345.46876938867786,349.4917425708355,353.51523193135597,357.53848325624057,361.56200568745186,365.5853561882266,369.6091648204163,373.6326477060629,377.6564714474013,381.68003913153274,385.7041607354342,389.7277198059755,393.7515035344462,397.7752158998487,401.799061417114,405.8226440183117,409.846381186673,413.8698722536963,417.8936481882716,421.9169301992769,425.9403852019684,429.963669677836,433.9869524850321,438.0097434955977
1.567478e-05 1.567478e-05 2.844001e-03 0.00 0.4444730086581741 -0.0394833020614414 0.16336760287147203 0.5615471381223595 339.10710900059405,343.10296141581273,347.0982849428753,351.0942196097625,355.0898816312353,359.0858919334452,363.08173036292544,367.0779981087846,371.07390266576897,375.07030430901284,379.0662962669323,383.0626744652524,387.0587333592162,391.0550751142139,395.05114613760446,399.04738228490083,403.04344726380714,407.03957951780444,411.03557005979746,415.03173340105474,419.027527573565,423.02356290609674,427.019175295162,431.01495023884274,435.0102898964247
1.443591e-03 1.443591e-03 9.137699e-02 0.00 0.4444730086581741 -0.038664857864560566 0.16336760287147203 0.5615471381223595 342.6675612608971,346.70527847878805,350.7426606909352,354.7804878377359,358.81802337973676,362.85615766794956,366.8939725688337,370.9321781885109,374.97008699422247,379.00821466488594,383.04625725695684,387.0845531246078,391.12254966672236,395.1608594980308,399.1989519206273,403.2372709648472,407.27521359849794,411.31342476462663,415.35122788838476,419.38929546354603,423.42702461992997,427.46494326735547,431.50256072767195,435.54027226437785,439.5774347987716
1.570449e-03 1.570449e-03 1.926857e-01 0.00 0.4444730086581741 -0.03863351162548786 0.16336760287147203 0.5615471381223595 342.8061372159151,346.8454935861487,350.8844494332309,354.9240434187092,358.96328937650424,363.00291618220473,367.04237417335924,371.0822260622388,375.12168613084157,379.16170192161604,383.2011769158955,387.2411338804928,391.2807725061999,395.3206397305784,399.3604442532531,403.4005157181024,407.43996630991813,411.4797355441748,415.51928991124856,419.5589949021865,423.5983040455368,427.6378187204999,431.6771197879576,435.71648135757295,439.7554088154887
5.442930e-04 5.442930e-04 3.036572e-02 0.00 0.4444730086581741 -0.039869213663546094 0.16336760287147203 0.5615471381223595 337.46655039455595,341.44297839252374,345.4188649455087,349.3955557141669,353.3717550303192,357.34856196697996,361.3250740878196,365.3020170731377,369.27860448515383,373.25577186622513,377.23228492552124,381.2093341145584,385.18593499830496,389.16301293664833,393.13980220900237,397.1167494647465,401.09343481232304,405.0703708482485,409.0469570385237,413.0237934323302,417.00012339933045,420.97693094985806,424.95316150421235,428.9294356979748,432.9055855903802
2.553990e-05 2.553990e-05 4.289905e-03 0.00 0.4444730086581741 -0.03950491015566522 0.16336760287147203 0.5615471381223595 339.0146694222811,343.00934480421444,347.0036464037998,350.9984580368751,354.9929720262829,358.98799509228985,362.982701270334,366.9777406387157,370.9726903080334,374.9679055125856,378.96297580981746,382.9581296281568,386.95326550559236,390.94843754688833,394.9433388451279,398.93852842603263,402.93348717756567,406.92854913287465,410.9234400141387,414.91845402794985,418.91327857420134,422.9080319082851,426.9025582964144,430.89736146410576,434.89155933839095
7.507709e-04 7.507709e-04 1.015921e-01 0.00 0.4444730086581741 -0.039951993445308115 0.16336760287147203 0.5615471381223595 337.1177237200381,341.08984533110134,345.0618989950024,349.03436728183465,353.0065118178181,356.97923178312993,360.95162999389976,364.9243536917502,368.896902719273,372.86981467970315,376.8423818061695,380.8153314350857,384.7878929798565,388.76074923543047,392.73335858262067,396.70618039886176,400.6787878592909,404.6516149846927,408.62413087038374,412.5968285962686,416.56915181076846,420.54170158521663,424.51387777329165,428.4862585494396,432.4581533370562
7.253114e-04 7.253114e-04 4.335572e-02 0.00 0.4444730086581741 -0.03887750643961549 0.16336760287147203 0.5615471381223595 341.73169223935685,345.758379303096,349.7846755755299,353.8116471489051,357.83814927242906,361.86509166136807,365.8918559895483,369.9190796873609,373.9458174426979,377.9731177897557,382.0001122376596,386.0273222463792,390.05437428271824,394.0817322268727,398.10866400030676,402.13595917091465,406.16285980377694,410.19004566727057,414.21682567473374,418.24387243631486,422.2705392640968,426.29746440191633,430.32413723384536,434.3507467904706,438.37695767682254
7.038256e-04 7.038256e-04 3.299383e-02 0.00 0.4444730086581741 -0.038885325992939805 0.16336760287147203 0.5615471381223595 341.69744515413817,345.7236467791607,349.74960025186357,353.7760562827871,357.8022009240299,361.8289563026783,365.8552235098293,369.88196264857476,373.9083420656674,377.9351753756346,381.9619758276193,385.9886776870299,390.01522353940004,394.0421168403368,398.068801204114,402.0956636178238,406.1221437306274,410.1489738516049,414.1753081443979,418.2020158490584,422.2282554376202,426.25471725991486,430.28081864069736,434.3071854073756,438.3330825456197
1.428666e-04 1.428666e-04 1.409706e-01 0.00 0.4444730086581741 -0.03916989029244628 0.16336760287147203 0.5615471381223595 340.45738102600853,344.46907820002707,348.48031878964713,352.4920924586602,356.5037929743593,360.51573867897923,364.5274451811978,368.5395374956341,372.5513766722055,376.5636737631777,380.5756357435854,384.5878970604353,388.59990674244847,392.6121779850202,396.6241587323857,400.6363115384613,404.6481890825696,408.6604134460217,412.67216449981566,416.6842433498185,420.6959644020323,424.7079076614737,428.71933928280833,432.7311214334212,436.74224005009546
4.601326e-04 4.601326e-04 1.951459e-01 0.00 0.4444730086581741 -0.0389846116850326 0.16336760287147203 0.5615471381223595 341.263261210768,345.2843445264227,349.30515477118604,353.3264971094015,357.3476575836847,361.36907978666585,365.3903130818527,369.4119249835869,373.4331391643279,377.4549779327987,381.476443286451,385.49822200667563,389.5196793631719,393.5414868825456,397.5630075992703,401.5845493257094,405.6060347892395,409.6276612786131,413.64897507588034,417.67056047166415,421.69174138574874,425.71308269610955,429.7342175067205,433.7553580360039,437.7760917811438
1.364590e-03 1.364590e-03 5.406674e-02 0.00 0.4444730086581741 -0.03868512206820798 0.16336760287147203 0.5615471381223595 342.57801631461916,346.6146460240016,350.65093204375194,354.6878248191128,358.7243736615287,362.7613501293469,366.7981095814316,370.83515218175677,374.87200955084774,378.90933817293813,382.9461966180328,386.983476468928,391.0204440910295,395.0577155807579,399.0946640902904,403.13196150468707,407.16880502189605,411.2060804359427,415.24269945933924,419.27976563350984,423.31648856370094,427.3533011616983,431.3898241319524,435.4265196280275,439.46262864118415
7.643330e-04 7.643330e-04 1.265263e-01 0.00 0.4444730086581741 -0.03995608650461917 0.16336760287147203 0.5615471381223595 337.1003818062248,341.07249929365145,345.04422453960035,349.0165366778144,352.98848790755835,356.96095994609624,360.9331745011874,364.905755420547,368.8781090740648,372.85077958280726,376.82317478328355,380.7959415715043,384.7682584396577,388.7408920764202,392.7133047199715,396.68600792750595,400.65828750717543,404.6310637314627,408.6033386289273,412.5757616877044,416.5479681337342,420.5201966467883,424.49213917481177,428.4641416594571,432.4359762597773
7.564613e-04 7.564613e-04 5.363918e-02 0.00 0.4444730086581741 -0.0388672244185597 0.16336760287147203 0.5615471381223595 341.7767461729941,345.80393432494503,349.83078732328266,353.8581781698957,357.88529004987015,361.9128727792736,365.94016370384577,369.9678291492239,373.99518249251764,378.02302224471003,382.0505006338244,386.07831162327403,390.1058916070314,394.13366107857684,398.16122369596417,402.18901512714274,406.21635282511124,410.2443281427465,414.2714822461667,418.2990173339851,422.32632785075356,426.3537979421017,430.38096738263016,434.4080661908944,438.43474759582415
5.710244e-04 5.710244e-04 2.162463e-02 0.00 0.4444730086581741 -0.039880743011928455 0.16336760287147203 0.5615471381223595 337.4178351274795,341.39367206040475,345.36912037050365,349.34517457694295,353.3208665152797,357.2970664236042,361.2730234657742,365.24933449357434,369.22541219612515,373.20186460730935,377.1779825938342,381.154373767831,385.1305005238748,389.1070096408213,393.08309530868087,397.0595139866926,401.03551232934757,405.01207369622983,408.98805098315984,412.96422949061196,416.94009921669954,420.9161884722244,424.8919008269673,428.8677524626166,432.8432746256378
1.600501e-03 1.600501e-03 2.239197e-01 0.00 0.4444730086581741 -0.03862620029001224 0.16336760287147203 0.5615471381223595 342.8385039545694,346.8781830617399,350.9175642782277,354.95757106217366,358.9971384962302,363.0372036588634,367.0770055536142,371.1171212591533,375.1570812148365,379.19735518941184,383.23733890894584,387.27762957747746,391.31774489745015,395.35803005679185,399.3980429806795,403.4384617269683,407.47844574779344,411.5185699497661,415.55853204553165,419.59851373259346,423.63828658587624,427.67820315448233,431.7177679153478,435.7575396093901,439.7968211779462
7.946538e-04 7.946538e-04 1.531645e-01 0.00 0.4444730086581741 -0.03996790955342033 0.16336760287147203 0.5615471381223595 337.0507332616275,341.0221651335678,344.99336620266234,348.9650733956948,352.93642707068216,356.908349406218,360.8799549145815,364.85196646191537,368.8236529959393,372.7958828924744,376.7676211435525,380.7396936818117,384.7114168415424,388.6835114663121,392.6554498639481,396.62743099810854,400.5992273546655,404.5713561773136,408.5430034417116,412.5148762573598,416.4864706687779,420.45817775090063,424.42963164460843,428.4011462288481,432.37219666291327
2.733070e-04 2.733070e-04 1.561815e-02 0.00 0.4444730086581741 -0.039080305872459045 0.16336760287147203 0.5615471381223595 340.8462591744399,344.86254231482343,348.8784913778545,352.89487146173826,356.9110023120913,360.92764925227965,364.94390179892406,368.96059215701945,372.9769403825889,376.99382492937247,381.01036536658137,385.0271776391636,389.0438555911264,393.06074462161035,397.0772235397736,401.09399682197534,405.11051419394306,409.12742892408187,413.1436251652392,417.16021129475945,421.17650144078243,425.19295826082737,429.2090986447865,433.2253940123255,437.24122366938246
1.074774e-03 1.074774e-03 6.277869e-02 0.00 0.4444730086581741 -0.04006005617816233 0.16336760287147203 0.5615471381223595 336.66389149156345,340.6308736517147,344.5974058645105,348.56457762059165,352.53140531258356,356.49880103331583,360.4658107943855,364.43330709653213,368.40043223126173,372.3679732026504,376.3352543505146,380.30275493759876,384.26996655871324,388.237498703643,392.20475674893856,396.17231711686986,400.1395160304275,404.1070487647206,408.07418875799226,412.04150967253673,416.00846317659216,419.9756701231778,423.94252779001,427.9094717505619,431.87605501584784
1.229281e-04 1.229281e-04 1.196572e-01 0.00 0.4444730086581741 -0.03962488214780639 0.16336760287147203 0.5615471381223595 338.5024790613095,342.4910576880391,346.4793691917928,350.46807784429296,354.45663273666264,358.4455514917843,362.4342909762434,366.423438418615,370.4122800694973,374.4014553837568,378.3902886506425,382.379666432971,386.3685477094919,390.357872669218,394.34669606956027,398.3357861775729,402.32477543971567,406.3137752528951,410.3026399055404,414.29169242606196,418.28036221782014,422.2691517594762,426.25766064214343,430.2462967674891,434.2345587953381
4.537092e-04 4.537092e-04 1.141662e-01 0.00 0.4444730086581741 -0.039828495295003485 0.16336760287147203 0.5615471381223595 337.63848720202003,341.61688264952943,345.59497777297116,349.5735996906308,353.55189923800174,357.5307615948203,361.50917340615445,365.48818827042254,369.4668385129028,373.44591370496005,377.42462501061823,381.4037784203958,385.38238792282516,389.3613595733288,393.340096677643,397.3191265237665,401.2978633467151,405.27674860233674,409.2554069557685,413.23432450388077,417.21279128974766,421.19132739257253,425.16972901343337,429.1481322510853,433.12624599469297
1.787112e-06 1.787112e-06 1.814616e-01 0.00 0.4444730086581741 -0.03937879933878953 0.16336760287147203 0.5615471381223595 339.55557932227543,343.5566289814132,347.5572713999641,351.5585879033768,355.5594278702026,359.5608193431261,363.56189596675887,367.5633555061801,371.56456857133907,375.5663239732022,379.567567249669,383.5691894949811,387.57058755077765,391.57219782127163,395.5734524751579,399.57514613386286,403.5764062772231,407.5778376334446,411.5791317686718,415.5805180240046,419.58160158918224,423.58298970882805,427.5838376529251,431.58491341206434,435.5854999719816
8.225126e-06 8.225126e-06 7.228022e-02 0.00 0.4444730086581741 -0.03934786973709333 0.16336760287147203 0.5615471381223595 339.6886513006246,343.69129877222065,347.69352734016917,351.69628180318995,355.69868121697925,359.7016586021912,363.70435569777663,367.7074607969186,371.71018009538795,375.7132977847165,379.7163297145519,383.7195588161006,387.7224220836672,391.72571060960667,395.72848322282044,399.7316715494335,403.73432910118396,407.73759491143926,411.7403873488518,415.7434225198777,419.74605852949094,423.74886468017826,427.75134628587483,431.75397937727206,435.7562024320754
2.327228e-05 2.327228e-05 6.941170e-03 0.00 0.4444730086581741 -0.039309985861713394 0.16336760287147203 0.5615471381223595 339.85182724607955,343.8563142621173,347.860431767977,351.86522586395523,355.8696272479921,359.8744273148876,363.87900309471775,367.88405891201995,371.88877065754247,375.8939015907362,379.8987950212805,383.9038461354654,387.90869716925334,391.913830914361,395.9186312103121,399.92371888601787,403.92859440592656,407.9335053705967,411.93819014974576,415.9430591466004,419.947681259464,423.95249262012004,427.95691959599947,431.96146746575613,435.9655014330178
4.345408e-06 4.345408e-06 1.235110e-01 0.00 0.4444730086581741 -0.03936397306213436 0.16336760287147203 0.5615471381223595 339.619340940294,343.6210634025132,347.62246057031325,351.6245365685699,355.6261539608521,359.6282531429441,363.63008273939965,367.6324362721222,371.6343713752198,375.63678051136554,379.6388657401171,383.641275724089,387.6432731169899,391.6457140250717,395.64774395387695,399.65014309283237,403.6521473108145,407.6544205207978,411.65645154088395,415.6585535395564,419.66045537122017,423.66242333510894,427.66408089745414,431.66593988593667,435.66737888003513
3.530785e-05 3.530785e-05 2.711937e-03 0.00 0.4444730086581741 -0.03928733497160618 0.16336760287147203 0.5615471381223595 339.94949120580463,343.9551525986641,347.9605299635152,351.9663758259897,355.9718206181863,359.9779071103321,363.9835673535393,367.9897764387759,371.9956409269229,376.001946648332,380.0079836835864,384.0142469053782,388.02020645226935,392.02648779144675,396.03238566297813,400.03869776878815,404.0445974686646,408.05079836918645,412.0565804963585,416.06265355654045,420.0683612396369,424.07436600883585,428.0798636516201,432.0855951362851,436.09091728476074
2.750202e-06 2.750202e-06 1.552888e-01 0.00 0.4444730086581741 -0.03937245527225964 0.16336760287147203 0.5615471381223595 339.58287204249007,343.58419763806046,347.5852202043134,351.5867648404418,355.5879879240669,359.58964959915096,363.59101646991314,367.59293421208946,371.59445273378043,375.5964672184003,379.5980396783976,383.59998953299976,387.6017790546817,391.6037155067142,395.605235409941,399.60714275481104,403.60882631003557,407.6106836740147,411.6121878854228,415.614019072174,419.61536914079727,423.61693387934463,427.61820403127535,431.61960495075726,435.62044083367897
7.104339e-06 7.104339e-06 3.179497e-02 0.00 0.4444730086581741 -0.03945761740325858 0.16336760287147203 0.5615471381223595 339.21713576023996,343.21432565554693,347.21093257632566,351.20811267070354,355.2050721565789,359.20231747964914,363.19953758878387,367.19703456549377,371.1943600055681,375.1920016410856,379.1892929976802,383.1869593975728,387.1843204185076,391.1820004699969,395.1792782530899,399.1768761684556,403.17424104400243,407.1717186516908,411.16899568961406,415.1664093996158,419.1636172400055,423.16072205852697,427.1577084225624,431.15479034598496,435.15139697195525
2.654464e-04 2.654464e-04 3.928383e-02 0.00 0.4444730086581741 -0.03972886413053972 0.16336760287147203 0.5615471381223595 338.06046736795406,342.0438007335725,346.0268777670489,350.01048818304713,353.9936926023108,357.97749995414426,361.9609730804736,365.9448986232696,369.92856746732576,373.9125227065875,377.8962406156617,381.88019403089646,385.86404957083846,389.84794452096247,393.8316098073153,397.81569448099845,401.7992864492306,405.7832107188765,409.7668292434098,413.7505776382137,417.7341615645282,421.7178995480267,425.70107702889237,429.6844621692793,433.6674287848134
8.008432e-05 8.008432e-05 1.188841e-01 0.00 0.4444730086581741 -0.039228063818868085 0.16336760287147203 0.5615471381223595 340.2054628606601,344.21423109220524,348.22254924880883,352.2315473779217,356.2400022429469,360.24908276541265,364.25774023433775,368.26693338415265,372.27581569442043,376.28507838178336,380.29413166494237,384.30347835780265,388.31252348139265,392.3218452727283,396.330825397238,400.3400006746991,404.34889150820226,408.3580240406799,412.36681946686673,416.3759948915409,420.3847750144472,424.39367673985134,428.40221398204767,432.410908332451,436.4192326012455
1.723478e-06 1.723478e-06 9.815177e-02 0.00 0.4444730086581741 -0.03943064861482609 0.16336760287147203 0.5615471381223595 339.332814287135,343.331308208589,347.3293570442508,351.32794624001457,355.3262159232114,359.3250242563645,363.32341366270333,367.3222247936207,371.32093844316324,375.3198773400305,379.31858987463164,383.31763924195445,387.31633399772136,391.3152584034387,395.3141520864749,399.31303789522616,403.3116539378586,407.3105691966043,411.309228197973,415.3079905031614,419.3063533187756,423.30511197546383,427.30335734719245,431.30173171304915,435.2997991345643
4.492426e-05 4.492426e-05 5.153576e-02 0.00 0.4444730086581741 -0.039537774515333704 0.16336760287147203 0.5615471381223595 338.87410697095964,342.8671803554161,346.85986739004784,350.85304375785256,354.845769276032,358.8391436077703,362.83220223307796,366.825699374232,370.81891466241376,374.81251019466583,378.8058404971654,382.79955460145175,386.79272405405777,390.7864344316528,394.7796126284667,398.7731914995411,402.76639647193355,406.759871278303,410.7530870796586,414.74650273851915,418.73962221289935,422.7329258957437,426.72573742598075,430.7188161990703,434.7113219498078
3.273708e-07 3.273708e-07 1.537479e-01 0.00 0.4444730086581741 -0.03941488652207772 0.16336760287147203 0.5615471381223595 339.4005305274064,343.39973628752875,347.3984677013985,351.39807117594853,355.3969868678231,359.3965769173704,363.3958809166301,367.3955766476671,371.3949334058195,375.39471366271266,379.3942715565199,383.3939653841098,387.39354175896403,391.39344770831593,395.3929195269517,399.39271826595194,403.3921025407399,407.3918105705102,411.3910315247385,415.39079497719246,419.390020171627,423.3893958323726,427.3886134067906,431.3877063024997,435.38661444761124
3.276040e-06 3.276040e-06 6.938564e-02 0.00 0.4444730086581741 -0.039440594948987905 0.16336760287147203 0.5615471381223595 339.29023967104604,343.2880819816068,347.2856346430929,351.2837730865886,355.28156502904625,359.2797610576014,363.27767255372993,367.2760506148236,371.27421592664143,375.27265726854637,379.27090095083116,383.2694197269116,387.2676285742938,391.26608477869524,395.2643584072366,399.2628819025937,403.26106164593733,407.25934283858084,411.2574664170189,415.25562451874816,419.2536923700025,423.2519141945044,427.2496525150198,431.2475104257574,435.2449403323349
7.686083e-05 7.686083e-05 1.809802e-01 0.00 0.4444730086581741 -0.039579785812715235 0.16336760287147203 0.5615471381223595 338.6947193642654,342.6855752703048,346.6760575735713,350.6671985607767,354.6579134995305,358.6490998798021,362.640158825132,366.63148933657095,370.62262624387347,374.61414152282913,378.60525111137497,382.596826877587,386.5879806373471,390.5794805731932,394.57065853025716,398.5620535245494,402.55319655634383,406.544582736198,410.53572009519047,414.5269337815022,418.517968392545,422.5090404978913,426.499754520371,430.4907397190468,434.48116098229957
2.322792e-04 2.322792e-04 1.222826e-02 0.00 0.4444730086581741 -0.039707890215032994 0.16336760287147203 0.5615471381223595 338.14940668377164,342.13387468533443,346.11799799897483,350.102639703594,354.0868760994956,358.0717628598156,362.0562788039519,366.041312097108,370.0259655189187,374.0109865766166,377.9957882911163,381.9809085538607,385.96553669337436,389.9506655445289,393.9353171910014,397.9204013629582,401.9050697668696,405.89012390935807,409.8747512687286,413.85949535536145,417.8441185016081,421.82880088717155,425.81313643460123,429.797732557997,433.781766174068
5.362052e-08 5.362052e-08 1.816499e-01 0.00 0.4444730086581741 -0.03940817542113311 0.16336760287147203 0.5615471381223595 339.4293549654058,343.4288503653655,347.4280440770658,351.42784105481843,355.4272062424118,359.42707286146816,363.42663989233455,367.4267042840954,371.4264651352614,375.4266672967851,379.4264678877184,383.42656118567584,387.4264680984998,391.4266817832492,395.4264257821601,399.42652272217185,403.42635207878425,407.4263884855987,411.42614837059443,415.42602484818514,419.4256006080387,423.42532559544253,427.42479478623585,431.42438208277764,435.42348181113914
9.898872e-05 9.898872e-05 1.972296e-01 0.00 0.4444730086581741 -0.039208552745937555 0.16336760287147203 0.5615471381223595 340.28998115045255,344.2996443644609,348.3088877459969,352.3188393613893,356.32839183089845,360.33844077612406,364.34807861745503,368.3582896297215,372.3681746869367,376.378453367235,380.3884551505082,384.39877817920245,388.40872120973984,392.419033250867,396.4289962786815,400.4393608761502,404.4491888419828,408.45943925462126,412.4692384257379,416.4793471644032,420.4890109269142,424.4990129913542,428.50847991472295,432.5183333563737,436.52748389155414
5.150423e-08 5.150423e-08 2.082459e-01 0.00 0.4444730086581741 -0.03940215366050881 0.16336760287147203 0.5615471381223595 339.4552155425852,343.45502634290256,347.4545874919531,351.4546145190122,355.45425746946194,359.45437312545175,363.4544595749417,367.4546756849767,371.45476964524994,375.4551601897166,379.455387736831,383.45586500493056,387.45597652162417,391.45643074299767,395.4565938475454,399.45693525447456,403.45706049554786,407.4574115283056,411.4575019564224,415.45764855508384,419.45768998779045,423.45768108580063,427.4573140970806,431.45733418547474,435.45674165786244
5.757835e-05 5.757835e-05 4.030329e-02 0.00 0.4444730086581741 -0.039255519947507415 0.16336760287147203 0.5615471381223595 340.08684729740264,344.09415164405686,348.1009653709817,352.1085439089692,356.1157881900841,360.12335253068574,364.1307711515665,368.13843803039185,372.1459546683773,376.15382723508026,380.16141904465644,384.1694575402797,388.1769683317329,392.1847313740159,396.1924740930587,400.200293103513,404.2079138933916,408.2156436777097,412.22310109903793,416.2307689227834,420.23812563609073,424.2456376822745,428.2528348560979,432.2601120112626,436.26705218025126
9.674086e-07 9.674086e-07 2.128782e-01 0.00 0.4444730086581741 -0.039385837108406464 0.16336760287147203 0.5615471381223595 339.52533649829445,343.52594707239575,347.5264134931104,351.5271449639148,355.5277778684646,359.5286717216345,363.52946206877004,367.5306202645072,371.5315428352961,375.5328062012498,379.533706667501,383.53510928974464,387.5360658609622,391.53725002968923,395.538268178987,399.53960744808666,403.540409328846,407.5416064128241,411.54239960414344,415.5434971398796,419.5442455804017,423.54518526434043,427.5456724666746,431.54651612805276,435.5467740744035
6.233989e-07 6.233989e-07 1.339013e-01 0.00 0.4444730086581741 -0.039420165946512965 0.16336760287147203 0.5615471381223595 339.37792388589844,343.3768048032754,347.37536943965233,351.3745113913994,355.37327937426016,359.3725643630509,363.37162736358675,367.37104453193245,371.3701363707936,375.36969449594847,379.3688340374786,383.3683936748867,387.3677319978449,391.3673280182742,395.3665536826197,399.3659677132311,403.3651339688682,407.3645119245197,411.3636747237028,415.36298087428713,419.3620450108342,423.36113177505837,427.3599482566634,431.35894164161584,435.3575114718218
6.313085e-05 6.313085e-05 1.228151e-01 0.00 0.4444730086581741 -0.039562496912607624 0.16336760287147203 0.5615471381223595 338.7684851418177,342.76029511085915,346.7516018671268,350.7436536960391,354.7352599458845,358.72730950654153,362.719079378523,366.7114431298305,370.70342223309456,374.69576034208336,378.6877991263306,382.6801505539651,386.6722279278815,390.66459063465464,394.65662896280134,398.6488751510679,402.6408830918162,406.6330917326459,410.6250834665742,414.61731875567045,418.60903819958554,422.60117129484007,426.59276843081346,430.5845783847727,434.57578345701125
2.001036e-06 2.001036e-06 9.130342e-02 0.00 0.4444730086581741 -0.039432863340084966 0.16336760287147203 0.5615471381223595 339.3234205488529,343.3216601087022,347.31963454071143,351.31804927326596,355.31618550058147,359.3148580017941,363.3132226096393,367.31200765178187,371.3104786882639,375.3094146975103,379.3079669988549,383.30693880776425,387.30543579283295,391.3044400553206,395.30296526152625,399.3018485488727,403.30037104738204,407.29910631466413,411.2976460325642,415.2963072920331,419.2945751378585,423.29320757680404,427.2914004735577,431.2898032348042,435.28759489085235
2.316082e-04 2.316082e-04 1.181843e-02 0.00 0.4444730086581741 -0.03970734396791286 0.16336760287147203 0.5615471381223595 338.1517599157405,342.13626906633397,346.12036240413,350.1049570223783,354.0893968290442,358.0742417886956,362.05882077861145,366.0437373628787,370.0284722798606,374.0135032603744,377.9983261646773,381.98348838946316,385.9681704250134,389.95321562366104,393.9381165522768,397.92306496244066,401.90780651205785,405.89287627572764,409.8774792969067,413.8624040947479,417.8469360078706,421.83173458940007,425.816054602766,429.8005047525231,433.78463502635475
2.040136e-05 2.040136e-05 1.263554e-02 0.00 0.4444730086581741 -0.039316060118459194 0.16336760287147203 0.5615471381223595 339.8256241179552,343.82980374676674,347.83370476680614,351.83803207608474,355.8421262011162,359.8467935762425,363.8510174645742,367.85563531810334,371.86007840598666,375.864963945284,379.86946296631334,383.8742754261187,387.8788281745157,391.8837344716669,395.8881173114737,399.893001982636,403.89739643727336,407.9021396113851,411.90636150899144,415.91109318404204,419.9153344719793,423.919735055934,427.92394442352725,431.92821881759755,435.93193787871274
2.675676e-05 2.675676e-05 5.940317e-03 0.00 0.4444730086581741 -0.039507368444216685 0.16336760287147203 0.5615471381223595 339.00416922809393,342.99874284749285,346.992768719712,350.9876621032009,354.98188741041486,358.97685207014865,362.97140276128715,366.9664554037671,370.9611918417208,374.9563340592251,378.9511516545845,382.9463497427458,386.94114220997966,390.9363314343114,394.9311074509927,398.92619525675445,402.9209679388482,406.91595495081157,410.9107104359416,414.9056745165892,418.9002040033858,422.89508342151834,426.88939614184034,430.88405362261534,434.8781165142977
1.730369e-04 1.730369e-04 6.763473e-02 0.00 0.4444730086581741 -0.039146286781753026 0.16336760287147203 0.5615471381223595 340.55970884478694,344.5725412181025,348.58518909926784,352.59816230364095,356.61081627756687,360.6240873936031,364.6369666731779,368.65034603457053,372.66338005590876,376.67683486404246,380.68996886303125,384.70351821935947,388.71670825775766,392.7301814036132,396.7433476779803,400.75685474262457,404.76982725591023,408.7831901914468,412.7961819469223,416.8094320044274,420.8224384857431,424.8355782239345,428.8481915374418,432.86108406299434,436.87352392755867
2.307230e-04 2.307230e-04 1.090648e-02 0.00 0.4444730086581741 -0.039107546841796105 0.16336760287147203 0.5615471381223595 340.7278223717146,344.7426786691218,348.7572423122879,352.77230643737283,356.78696527194785,360.8021942823129,364.8171481189285,368.83235455608855,372.84740093404866,376.8628448185455,380.87797657680073,384.8935555190983,388.90858561177765,392.92400041575365,396.9391503706491,400.95460700180473,404.9697996163041,408.9850556160225,413.000174369983,417.0153280479095,421.03024477322367,425.04535111486337,429.0600155614225,433.0750181576925,437.08931064793273
1.700554e-03 1.700554e-03 1.586054e-01 0.00 0.4444730086581741 -0.040231784030830484 0.16336760287147203 0.5615471381223595 335.9466380352897,339.9050912800306,343.8631513493129,347.8218929219631,351.7803805394911,355.73919465624726,359.69780210302923,363.6567120673625,367.61557898123004,371.57462297644116,375.5333305003147,379.4923414697755,383.4512487824035,387.4104159566695,391.36910678796903,395.32823875774073,399.28712457428975,403.2459287892656,407.2047999452513,411.16366091926227,415.1220604927795,419.08075763028796,423.0392813293952,426.99762372684734,430.95596025438647
1.349767e-07 1.349767e-07 2.256306e-01 0.00 0.4444730086581741 -0.03939848260942968 0.16336760287147203 0.5615471381223595 339.4709355956157,343.47095657478866,347.4706635486077,351.4708921336262,355.4707536718548,359.47121581603517,363.4713066461585,367.4717357436143,371.47200017963473,375.47270229763166,379.4730347399593,383.47371800961724,387.47407545364223,391.47472667095525,395.4749549469422,399.4755168496009,403.475773885745,407.47646197806256,411.476577362379,415.47697741131026,419.4770851432125,423.4773301550033,427.4773223574191,431.4774527567024,435.47688036829345
3.313779e-07 3.313779e-07 1.536301e-01 0.00 0.4444730086581741 -0.039414916766338105 0.16336760287147203 0.5615471381223595 339.4003541560333,343.3995965116469,347.3984082675808,351.39773821226373,355.3968120016504,359.39639725603274,363.3956353850804,367.3953467319884,371.39487424781527,375.3946234609544,379.394032958881,383.393939270389,387.3934380107417,391.393333680731,395.3927030323456,399.3925258044951,403.3919761615438,407.3916163205999,411.39079868942474,415.3905826031149,419.3899507499518,423.3894046908732,427.3884191683423,431.38757858070284,435.38641885981826
3.155968e-05 3.155968e-05 1.449717e-02 0.00 0.4444730086581741 -0.03951628621993529 0.16336760287147203 0.5615471381223595 338.96598175466164,342.96009714651876,346.95380633015355,350.94797981352417,354.9420567414463,358.936425169716,362.93054899975795,366.92513385667775,370.9194288131372,374.9141506239459,378.9084829302352,382.9033466135016,386.89761713362253,390.8922198797232,394.8866773321352,398.88131988624696,402.87558054024765,406.87021684192456,410.8645275937622,414.8588652046688,418.85310010949985,422.8474453975941,426.8414198134326,430.83560960034634,434.8291881549157
8.856632e-08 8.856632e-08 2.178772e-01 0.00 0.4444730086581741 -0.03940011427111584 0.16336760287147203 0.5615471381223595 339.4640470368321,343.4639559186208,347.4635748735225,351.46356314636097,355.4634032604661,359.4637424898884,363.4637198019857,367.46412897852275,371.4643399664373,375.46487527107513,379.46517581677693,383.4656942161154,387.4659957788505,391.46655528377187,395.46680953844003,399.46731382001894,403.46749904139443,407.4678695105162,411.4680931821985,415.46837990892595,419.4684810239138,423.468671700774,427.4684156256355,431.468580054803,435.46802038487954
7.827153e-05 7.827153e-05 1.935342e-01 0.00 0.4444730086581741 -0.03958040107350406 0.16336760287147203 0.5615471381223595 338.6920371237919,342.68291841732247,346.6734060812933,350.66450275239254,354.6552353372848,358.6464122255767,362.63733582815144,366.6287466584784,370.6196970701071,374.61120195992777,378.6023886133415,382.5937810424436,386.5850554329469,390.57647617113395,394.56751061956066,398.55904322378285,402.55004211409874,406.5414255202425,410.5324998113893,414.523705097961,418.5147352776465,422.5057445003357,426.49650264445046,430.4874472081444,434.4778029894622
3.920966e-05 3.920966e-05 5.315733e-03 0.00 0.4444730086581741 -0.039281653493558256 0.16336760287147203 0.5615471381223595 339.97398680602936,343.9799492800433,347.9856131716848,351.9918312506803,355.9975737025062,360.0038315969969,364.00988112894044,368.0162387004971,372.0224821504057,376.02912164537213,380.03530179444033,384.04189072764376,388.04817564459535,392.05473514998124,396.0610372637849,400.06755017894545,404.07375557573573,408.0801885321931,412.0863809366844,416.0926268987482,420.0986435084235,424.1049577391252,428.11082294641074,432.1167275002912,436.122291358665
1.735049e-04 1.735049e-04 2.276326e-02 0.00 0.4444730086581741 -0.03966659179660368 0.16336760287147203 0.5615471381223595 338.32499250028764,342.31142918562034,346.2976160288801,350.2843122994472,354.2707867011767,358.2575988259013,362.2441978775334,366.2312468050761,370.21799320110773,374.2050745826382,378.1919082426747,382.1791690468451,386.1659746380298,390.15300736550853,394.1398224965301,398.1269108092384,402.1136403850259,406.1007586515556,410.0875809168104,414.0743765012316,418.06099681634475,422.04780286064,426.03419008556136,430.02077647222063,434.00687728797766
1.185729e-05 1.185729e-05 1.074690e-02 0.00 0.4444730086581741 -0.03947230429719245 0.16336760287147203 0.5615471381223595 339.154293207693,343.1505119686732,347.14651359237627,351.14297194800093,355.1392046703657,359.13581477356627,363.13214427187523,367.128993530311,371.1254200694992,375.1223637966936,379.11892288452043,383.11583840558717,387.11249172865104,391.10938731908766,395.1059731576679,399.10283722281036,403.0994033122802,407.09628506221634,411.09266740399715,415.08935609279627,419.0858322870291,423.08233231173733,427.078522077659,431.0747888315676,435.0706404314961
1.000118e-04 1.000118e-04 1.932206e-01 0.00 0.4444730086581741 -0.03920818005243306 0.16336760287147203 0.5615471381223595 340.29158071270246,344.3012763114382,348.3105391408228,352.3205676533845,356.3301507334305,360.34010901090863,364.3499249357015,368.36006796206124,372.36999622364397,376.38029420288757,380.39022479656273,384.40062627539214,388.41066787260127,392.42093309270507,396.43099633211875,400.4412861624256,404.4511094123287,408.4613159173704,412.47106911986435,416.4812387031799,420.49112955272807,424.5009059840487,428.51059948724696,432.52037129901055,436.52956476367973
1.041409e-05 1.041409e-05 6.840202e-02 0.00 0.4444730086581741 -0.03934252947980667 0.16336760287147203 0.5615471381223595 339.71165110723916,343.71443894349335,347.7170353520679,351.72003682908223,355.7229056050786,359.7260766059983,363.72895901274626,367.7322992660269,371.735294939092,375.738970592524,379.74201213725996,383.7455141128182,387.74870492778143,391.752077770128,395.75523449326846,399.7588724975609,403.7618489516586,407.76527535802455,411.7682068395581,415.7714488372497,419.77443061903807,423.7776598550796,427.7803710506868,431.7832357342022,435.78569487572344
1.723674e-06 1.723674e-06 9.748796e-02 0.00 0.4444730086581741 -0.03943086335614997 0.16336760287147203 0.5615471381223595 339.33204078241187,343.3303423347815,347.3282920378617,351.32696660249667,355.3251991597731,359.32388423602043,363.3224205252432,367.3213335243105,371.3199281865448,375.31882916018714,379.3176027635165,383.3166139817066,387.3153018390665,391.31432966023203,395.3130440952954,399.3118763763719,403.31056975975997,407.3095361640048,411.3080883514196,415.30686045521736,419.3053076558645,423.3039277184231,427.302271835696,431.30070429145354,435.29863218114366
3.978493e-08 3.978493e-08 1.951654e-01 0.00 0.4444730086581741 -0.039405072495124746 0.16336760287147203 0.5615471381223595 339.4425967895251,343.442386310741,347.4417082264915,351.44156966272715,355.44118193198955,359.4412354740838,363.44092347745067,367.44120596851576,371.4409958456838,375.4413988431724,379.4412600436879,383.44158483559545,387.44173192124424,391.44203837379195,395.4420640480767,399.44222701758173,403.44211308131383,407.44237413573865,411.442236376415,415.44238630546334,419.4420117871556,423.4419772166107,427.4417528320502,431.4413386867576,435.4407439384366
1.707616e-05 1.707616e-05 1.459506e-03 0.00 0.4444730086581741 -0.039487643894994665 0.16336760287147203 0.5615471381223595 339.0885639505857,343.0840894949877,347.0792311221299,351.0749423208806,355.0703637232608,359.06622800407877,363.0618383156569,367.0576743095289,371.0535360106488,375.0496844561453,379.0455285729146,383.04167074301614,387.0375446722083,391.03358197537926,395.02940330554895,399.0256070762765,403.0213433078892,407.0172865022074,411.01308401716415,415.0089229297376,419.00445551043356,423.0003723876347,426.9955613893979,430.99122188269666,434.98639516654487
6.430565e-08 6.430565e-08 2.132967e-01 0.00 0.4444730086581741 -0.03940110902872848 0.16336760287147203 0.5615471381223595 339.4597132676604,343.4594931178705,347.45910778062876,351.4591133954382,355.4589474602987,359.4592218870135,363.4592487340544,367.45964087852866,371.4595984319248,375.4601695191755,379.4604166077715,383.46096672528137,387.46111688500685,391.46167719906146,395.46179823915736,399.46236861779687,403.4623717301487,407.46278815321,411.46280860488736,415.46317239864476,419.4631157321484,423.4633495530647,427.4629777043636,431.46301111143754,435.4624734940537
2.142695e-05 2.142695e-05 1.027520e-02 0.00 0.4444730086581741 -0.03931377857574604 0.16336760287147203 0.5615471381223595 339.8354407973628,343.83974626110285,347.84380903098935,351.8482373956643,355.8524741581135,359.8571856185991,363.8615267420647,367.8663167957845,371.8709192600084,375.8758538298984,379.88047213200406,383.8853969663503,387.89000281927144,391.8950067605697,395.8996079941001,399.90449667890204,403.9090225712499,407.9138795749691,411.9183434630001,415.9231701759747,419.92752135103177,423.9320928336769,427.93633134707926,431.940618664794,435.9444759191788
6.082832e-05 6.082832e-05 5.264619e-02 0.00 0.4444730086581741 -0.03925081694550103 0.16336760287147203 0.5615471381223595 340.10714304161155,344.11466034985057,348.12193675656056,352.12970501750476,356.13711134637583,360.1448333322901,364.15248103819897,368.1605068746064,372.1681019482796,376.17632695349613,380.1841200681169,384.19226330935925,388.20010616775085,392.2083421292649,396.2161229722185,400.22432026490293,404.2319608993214,408.24006366301467,412.24758245757425,416.2556621390906,420.26320197968704,424.271034790007,428.2784828608473,432.28601225988444,436.2931938665734
4.269820e-07 4.269820e-07 2.451032e-01 0.00 0.4444730086581741 -0.03939253283827602 0.16336760287147203 0.5615471381223595 339.49651969251175,343.49687532686,347.4969082166036,351.4974300302662,355.497523089181,359.4982647549674,363.4986413544321,367.49943941657136,371.500042551025,375.50090842551634,379.501556537096,383.50254140384084,387.5031926744836,391.50416919121903,395.50484033280117,399.505688357135,403.50616162495396,407.50704227947557,411.50755317566274,415.5082255041616,419.50863201078676,423.5091680391419,427.5096669648561,431.5098072791029,435.50968536534384
1.533651e-04 1.533651e-04 4.916749e-02 0.00 0.4444730086581741 -0.03965082576392915 0.16336760287147203 0.5615471381223595 338.39201900654245,342.3793193237705,346.3663244919715,350.3537601794005,354.34094899177296,358.3285866466841,362.31598736016423,366.303816391392,370.2913767713513,374.2792581118212,378.2668055137064,382.25487339220314,386.24241437977344,390.2303265973487,394.218008234508,398.2058085380915,402.1933937347633,406.18124279166193,410.1687404490374,414.15652824114915,418.1439192348084,422.13137986678527,426.118617944706,430.1059534618416,434.09278917379845
5.341023e-05 5.341023e-05 8.298509e-02 0.00 0.4444730086581741 -0.039549043909604405 0.16336760287147203 0.5615471381223595 338.82595125817807,342.81844243331705,346.8104714737185,350.80305431633894,354.7953892412103,358.78824917851097,362.7806555111425,366.77364457001624,370.76620194040277,374.7592440710768,378.75198279514615,382.7450821815549,386.73777477538533,390.73083945274055,394.72344671155145,398.7166059232075,402.70922498889297,406.7021452168151,410.6947889349264,414.6876202633159,418.6800184530351,422.67270783592653,426.6651052729831,430.65743710471344,434.64961198218265
9.057630e-06 9.057630e-06 6.749169e-02 0.00 0.4444730086581741 -0.03934572432632051 0.16336760287147203 0.5615471381223595 339.6979299446748,343.7005286818728,347.70287963048895,351.70584099571977,355.70834083821245,359.71140725967217,363.71422807812957,367.71739724770856,371.7203106972385,375.72363245590986,379.7266560533643,383.7299897309401,387.73302526971344,391.736315399473,395.73927887872827,399.74250776160335,403.74544336370707,407.7487596755221,411.7516000833749,415.75472043024484,419.7574151013635,423.76047433117174,427.76299875674545,431.7657883304487,435.7681232903852
5.226746e-08 5.226746e-08 2.079690e-01 0.00 0.4444730086581741 -0.03940225316446935 0.16336760287147203 0.5615471381223595 339.4548004131791,343.4546061483371,347.454158333372,351.4541077546085,355.4538811796235,359.45412590372456,363.4538505121357,367.4543483275518,371.45423714552453,375.45475060876356,379.4548980742722,383.45538784775334,387.4554557819838,391.4559069689919,395.45605989299753,399.45644584919813,403.45660181346284,407.4568864870466,411.4568513953813,415.457149036151,419.45711836262694,423.45711321665425,427.4569107344919,431.4566937345932,435.45611105333285
1.098173e-05 1.098173e-05 1.357564e-02 0.00 0.4444730086581741 -0.039469691580690996 0.16336760287147203 0.5615471381223595 339.16540374008486,343.161847193319,347.1579315544835,351.15463315989757,355.1508531906862,359.1476751012199,363.14412611710395,367.1410539885738,371.13774990558824,375.13480312016003,379.1314699565877,383.1284864592669,387.1253472765958,391.1223087614326,395.11896969585626,399.1160172360397,403.1126535736041,407.1096125941555,411.10623703693005,415.10300928656466,419.09952044510015,423.09624856176936,427.0925675128531,431.0889427032219,435.08499578628926
9.874147e-05 9.874147e-05 2.071234e-01 0.00 0.4444730086581741 -0.03960139284092918 0.16336760287147203 0.5615471381223595 338.6025375805808,342.5923135752979,346.5817068236123,350.5717313944011,354.5614112792048,358.55156777702314,362.54135369801435,366.5317528673379,370.5217310478906,374.5122030020528,378.5022630415166,382.492626702789,386.48279350137767,390.47318141965224,394.46325535442304,398.4536816606947,402.44359062793404,406.4340120349746,410.42396056619185,414.4141466634441,418.40406881983296,422.3940451062375,426.3837383231368,430.3735523635295,434.36297484634224
2.777393e-07 2.777393e-07 2.445789e-01 0.00 0.4444730086581741 -0.03939465662058363 0.16336760287147203 0.5615471381223595 339.48736320772633,343.4875595715159,347.48745999791527,351.4879216637457,355.4880936246578,359.48866534733696,363.4888723531758,367.48963011206877,371.4900503869668,375.4909207312466,379.49140084112827,383.49223958201344,387.4928036321319,391.4936259403606,395.49424409825247,399.494838921426,403.4953243153949,407.4960989651565,411.49656147917324,415.49716544556355,419.4973351276158,423.49792146314707,427.49799668073024,431.4981847115315,435.49808881150665
4.604784e-05 4.604784e-05 1.498550e-02 0.00 0.4444730086581741 -0.03927129841504452 0.16336760287147203 0.5615471381223595 340.0186738525756,344.02528064402003,348.0314250106799,352.03806349627285,356.0444078666116,360.05120937147257,364.0577896700502,368.06468906367985,372.0714397712464,376.0785331651471,380.0852876738969,384.09247315292765,388.0992279859615,392.106249830396,396.11313454497696,400.12006530965317,404.126890035308,408.1338035752656,412.14055456066603,416.1473901029912,420.153889306286,424.16061702279296,428.1670825316106,432.1735508301514,436.1797248993376
1.484285e-04 1.484285e-04 1.179157e-01 0.00 0.4444730086581741 -0.03916478540844546 0.16336760287147203 0.5615471381223595 340.47950991748627,344.49143917045467,348.5028981922833,352.51500872950413,356.5268653630532,360.5391950645038,364.5511287664771,368.56351678314917,372.57566640623196,376.5881569682302,380.6003014605505,384.61295583455245,388.6250902988941,392.637732235506,396.6498483706229,400.6623022061655,404.6744831155349,408.6868719808998,412.6990246103956,416.7113532994136,420.7232688222495,424.7354742248345,428.74728279973016,432.75917881168505,436.7707673845462
8.909214e-06 8.909214e-06 6.599728e-02 0.00 0.4444730086581741 -0.039345502170210545 0.16336760287147203 0.5615471381223595 339.69879570568077,343.70155810884546,347.70386802168593,351.7069288008922,355.7093653210632,359.7124471858297,363.71519597431586,367.7184767476043,371.72132098350227,375.72465762395046,379.72767607819924,383.7309508953142,387.73412675169897,391.73746682773793,395.7404577421989,399.7437115212307,403.74664273668725,407.74978063672967,411.75275898805904,415.755846783275,419.75858541111194,423.761614367389,427.7642223410154,431.7668944170189,435.76921152784587
1.470390e-07 1.470390e-07 2.274635e-01 0.00 0.4444730086581741 -0.03939809918479938 0.16336760287147203 0.5615471381223595 339.4726863270927,343.47264112509527,347.472378616401,351.4726010831281,355.4724921679289,359.47293988363975,363.47304097909705,367.4736273086322,371.47380865916944,375.47451201138057,379.47478469288103,383.47553093745654,387.47592031404804,391.47660890024366,395.4769709303433,399.47750846926647,403.47782397951215,407.47828859026595,411.47857123084094,415.4790231055093,419.4791460324665,423.4793422442083,427.47939138247335,431.4794611910564,435.47904408875905
3.465532e-05 3.465532e-05 2.146436e-02 0.00 0.4444730086581741 -0.039521573952492124 0.16336760287147203 0.5615471381223595 338.9433341714159,342.9372867706139,346.93058643404953,350.9246194439601,354.91829900484385,358.91248373276954,362.90639026107124,366.90062467502486,370.8945931761379,374.8891117704888,378.88322417755586,382.8776074109586,386.8717277329476,390.8662416604247,394.86032425422627,398.85465525189403,402.8486704723819,406.84300388170647,410.8371218771066,414.8313221011188,418.82518829636524,422.8192071775508,426.81294406452326,430.80675558361213,434.8000696255171
2.257996e-05 2.257996e-05 8.048775e-03 0.00 0.4444730086581741 -0.03931134432567212 0.16336760287147203 0.5615471381223595 339.84600516630195,343.85041514681666,347.8544888770747,351.85919944942077,355.8635095705098,359.86828237049383,363.8727666817919,367.8776726634913,371.8823414225732,375.88745702997636,379.89221642053514,383.8972598933674,387.9020071402067,391.9071060895144,395.91187574636,399.9168991338996,403.921560319524,407.92645257257817,411.9310906077627,415.93589721444573,419.9405940203744,423.9452042698549,427.9494788574648,431.95401975472356,435.9580423731056
8.035291e-07 8.035291e-07 2.211291e-01 0.00 0.4444730086581741 -0.03938759670657646 0.16336760287147203 0.5615471381223595 339.51773759391926,343.5183383029656,347.5185629797182,351.51936081318695,355.51976079560814,359.52080224964465,363.52143219352814,367.5223860834978,371.5232455055562,375.5244350895765,379.52524809479655,383.5264391706979,387.5274418331597,391.52872702449525,395.52941184830144,399.53056547938274,403.5313554103711,407.5324886854333,411.53329543232087,415.53422620730385,419.53491239215913,423.53579148720786,427.53620052950953,431.5368297888423,435.53694235867715
8.415330e-06 8.415330e-06 2.467215e-02 0.00 0.4444730086581741 -0.039461534914290504 0.16336760287147203 0.5615471381223595 339.2004552093542,343.19725728572155,347.19370566884885,351.19074554608136,355.1874740766216,359.184635007456,363.1814698794659,367.17888812786316,371.17599111557826,375.1734554907175,379.170559230366,383.16805656179173,387.1652466933648,391.1625380937441,395.1596817200964,399.15719664803726,403.1542796258574,407.15150209119355,411.1485861288005,415.1459023082485,419.14278631531755,423.1399137682726,427.13654009802855,431.13333968652336,435.1299184130599
2.014331e-07 2.014331e-07 1.638193e-01 0.00 0.4444730086581741 -0.0394123895327442 0.16336760287147203 0.5615471381223595 339.4112214403518,343.4105740868854,347.4094684524402,351.40911519563815,355.4082143025945,359.40804537258225,363.40732366890416,367.4071898569225,371.40652404348504,375.4065697635158,379.4061506864448,383.4061797953703,387.4057834916787,391.40572196250554,395.40537257916066,399.4052597132333,403.40483655929637,407.40468571099575,411.40418661227966,415.40377780346785,419.40332834291263,423.4028682912959,427.4021422786271,431.4014389441405,435.4004173937855
1.816592e-05 1.816592e-05 8.707091e-04 0.00 0.4444730086581741 -0.03948937244950449 0.16336760287147203 0.5615471381223595 339.08118183091796,343.0765255991695,347.0717186311259,351.0673667018404,355.0626643507819,359.05839596301104,363.05387993673105,367.0498329478347,371.0454409782263,375.0415546118344,379.0372901532439,383.0333162008038,387.02904098206494,391.0251330401601,395.02091895570135,399.0168011505289,403.0124986123237,407.0084374665687,411.004134711067,414.99984738218654,418.9954225977741,422.99106878743737,426.986450403131,430.98199826801607,434.97695434820747
7.954194e-05 7.954194e-05 1.102447e-01 0.00 0.4444730086581741 -0.039229439373491014 0.16336760287147203 0.5615471381223595 340.19961779664635,344.2082722549771,348.2164567876361,352.2253305695739,356.2337310682987,360.2427109439613,364.25141578782956,368.26050800318467,372.26933696431394,376.2785502704287,380.28743143343877,384.29669228417873,388.30563352801187,392.3149230130127,396.32386328700653,400.3329170343968,404.3418678956369,408.3509287479832,412.35969833563587,416.368684820621,420.3773535420935,424.3861855364763,428.39482885002724,432.4034571969809,436.41167444442226
2.475011e-06 2.475011e-06 1.623536e-01 0.00 0.4444730086581741 -0.039374215906518774 0.16336760287147203 0.5615471381223595 339.5752582817856,343.57651488321176,347.5775093741426,351.57894603885404,355.5800358705847,359.58164432015695,363.582899830495,367.58471751908627,371.5861113332076,375.5880531331355,379.58957697134235,383.5914912074328,387.59297820014694,391.59498409735363,395.59650803529865,399.59834482284174,403.5998071895704,407.60152476527657,411.6029893377811,415.60461386857185,419.60600251537244,423.6075019733885,427.60866499795975,431.61011839337533,435.6107789141511
1.374251e-05 1.374251e-05 3.443163e-02 0.00 0.4444730086581741 -0.03933131528064123 0.16336760287147203 0.5615471381223595 339.75991488312536,343.76335071220973,347.76642876345466,351.7701152126537,355.77337461839574,359.7771569700507,363.7806888548458,367.7845888163036,371.78817000281214,375.792263703272,379.79602423751084,383.7999638466513,387.803674153033,391.80778367443367,395.8115948672235,399.81552696955094,403.81921618965214,407.82319396049746,411.8268318570985,415.83071665667484,419.83410403525096,423.8377536800363,427.84122059004596,431.8445781171337,435.8476577930388
2.778656e-08 2.778656e-08 1.912554e-01 0.00 0.4444730086581741 -0.039405970074452304 0.16336760287147203 0.5615471381223595 339.43875685357375,343.4384431934249,347.4377766472668,351.4376172599872,355.43713473658937,359.43706418254766,363.4367934049225,367.437022120454,371.4367722608506,375.4370812079296,379.43698288527054,383.43741121436034,387.43726827421625,391.43751208637474,395.43746823374613,399.4378154649433,403.4376307978875,407.43771991284575,411.4376225294812,415.4376679579086,419.4373847841154,423.43725225483325,427.4368334640608,431.4365416605826,435.435742088001
4.509279e-05 4.509279e-05 5.257581e-02 0.00 0.4444730086581741 -0.0395373360134659 0.16336760287147203 0.5615471381223595 338.87601085095343,342.8690600735197,346.86169529568616,350.8548751856958,354.8477545832978,358.84115725005,362.8342412031302,366.82768002376235,370.8209997824235,374.81461595353966,378.8078432794141,382.80156565813667,386.79482638244656,390.7884012087074,394.78178945314886,398.77541761814166,402.7686733715823,406.76218525951043,410.7554044810943,414.74883367791335,418.74194054425806,422.7351320724229,426.7280936386008,430.72110219583624,434.71379253823676
