8.357205e-08 8.357205e-08 1.776404e-01 0.00 0.4444730086581741 -0.03940583926181416 0.16336760287147203 0.5646511389848422 339.42570389153883,343.4251862864497,347.42426732964276,351.4239694836642,355.42341037592365,359.42312361226703,363.42269054002605,367.4226000687451,371.4223061904125,375.4223145524157,379.4220916900966,383.42225322246037,387.422006316755,391.42203466265875,395.4218486514658,399.42168494300824,403.421464255866,407.4213868767154,411.42106306484123,415.42091353014644,419.42038622089467,423.4200855042327,427.41952015954826,431.4189377277457,435.4178778708485
8.361138e-08 8.361138e-08 1.780387e-01 0.00 0.4444730086581741 -0.03940583926181416 0.16336760287147203 0.5645606655216654 339.4261716033967,343.4256108042497,347.42469729494036,351.4243494829149,355.42371105509636,359.423522425752,363.423023825662,367.423090009183,371.4226911436565,375.42278691448297,379.42260080839736,383.422666082979,387.4224079140641,391.42249210300935,395.42222871727506,399.42234912044864,403.4219812681847,407.4218564058717,411.4215233298839,415.4214651949316,419.42090006844415,423.42060569868084,427.4199687000052,431.41947220338824,435.41835893411934
1.431006e-07 1.431006e-07 1.753354e-01 0.00 0.4444730086581741 -0.03940583926181416 0.16336760287147203 0.5651293631321938 339.42356941559876,343.4230716915804,347.42212128312326,351.42177686207026,355.4210914600384,359.42089645854816,363.4203345136817,367.42030041851456,371.41992699015987,375.4199807071438,379.41979003484096,383.41975679070646,387.4195508389841,391.4196285504261,395.41926757048367,399.41917401070543,403.4189306658981,407.4188475446183,411.41840746074575,415.41837498261594,419.4177222172412,423.4173761425517,427.41672347862357,431.4161200800939,435.4150823388492
1.599078e-07 1.599078e-07 2.216985e-01 0.00 0.4444730086581741 -0.03940583926181416 0.16336760287147203 0.5554826269216736 339.4666214159988,343.46660518904775,347.46629232031216,351.46645467171476,355.4664314911665,359.46677401373495,363.4668229513288,367.46740528027686,371.46765841383325,375.4683196741705,379.46865535969755,383.46926822896336,387.4697402357982,391.47039607622344,395.47077502939857,399.47145821065067,403.4716796243663,407.4722393212851,411.4724526842972,415.47294624591814,419.47317431577414,423.4735055187916,427.4735557404731,431.47363634527125,435.4731462590474
1.297646e-07 1.297646e-07 2.195500e-01 0.00 0.4444730086581741 -0.03940583926181416 0.16336760287147203 0.5559312009044572 339.4644659157495,343.4645199969899,347.46422375874647,351.464373396963,355.46434446942936,359.46463487706825,363.46473118486966,367.4651018165167,371.46534221687426,375.4660244839509,379.4663233287825,383.46699865356334,387.4673557249788,391.46792971232196,395.46839605768554,399.4689374002797,403.46910478909047,407.46971869476704,411.46995619668263,415.47037389622335,419.4704961946238,423.4708738401526,427.4708609428955,431.47089508513784,435.47061152861147
9.886544e-08 9.886544e-08 2.157173e-01 0.00 0.4444730086581741 -0.03940583926181416 0.16336760287147203 0.5566726890059162 339.46115487897936,343.46107348513493,347.46076316631746,351.46088179729486,355.4607198603913,359.46108457081226,363.46104065615697,367.46156908405266,371.4616854950442,375.4622401919389,379.46248024291606,383.46311368827577,387.46341231224784,391.46405551154885,395.4642061549258,399.4648062492912,403.4649567939499,407.46552708916863,411.4657168486134,415.46611093742376,419.46621706498297,423.4665032578378,427.46627466576257,431.46630655798924,435.46605280068235
3.767294e-08 3.767294e-08 2.030780e-01 0.00 0.4444730086581741 -0.03940583926181416 0.16336760287147203 0.5591909053561521 339.4498575027298,343.4496759448901,347.44910512698357,351.44906085172914,355.44873781978805,359.4489537535909,363.44872453693665,367.4490953867675,371.44906072495615,375.4494431178617,379.4495374085077,383.45007465805594,387.4502431758629,391.4506125981484,395.45073357824396,399.45115015688657,403.45114694262986,407.45149350507535,411.4514433040485,415.45161218189094,419.4516174924965,423.45159108788295,427.4514314940384,431.4512283654891,435.4506278808977
6.267663e-08 6.267663e-08 2.090544e-01 0.00 0.4444730086581741 -0.03940583926181416 0.16336760287147203 0.5579804937608364 339.45529274062096,343.45511727231644,347.4546806813795,351.45476625592556,355.45450452699765,359.45468216800873,363.4546129841594,367.45501227962694,371.4551629538306,375.45564651404004,379.4558336470756,383.4563615727288,387.45656909228234,391.45711162143033,395.4573020499323,399.4576545940468,403.45779899435615,407.4583323491722,411.4583016391375,415.458579423627,419.4585686983998,423.45870026836616,427.45863278781655,431.45853877936446,435.4580208942799
2.592266e-08 2.592266e-08 1.946349e-01 0.00 0.4444730086581741 -0.03940583926181416 0.16336760287147203 0.5609476377912154 339.44204137189,343.44180585814513,347.4410484130082,351.4409603794304,355.44051117589754,359.4405505406982,363.44031559002934,367.44048740827304,371.4404009910237,375.4407387282509,379.44071780248237,383.44104755768143,387.4410386287686,391.4414153908437,395.4412974688205,399.4415956499694,403.4414927810446,407.44164729577443,411.44154008350495,415.4416997080382,419.4414739068453,423.4414575003191,427.4409300321471,431.4407509536697,435.4400689889974
2.179951e-07 2.179951e-07 2.219494e-01 0.00 0.4444730086581741 -0.03940583926181416 0.16336760287147203 0.5549621692757934 339.4689150125009,343.46903403746774,347.4687836426767,351.4689754454423,355.4690521038692,359.46932816365444,363.46944341361996,367.4700457160146,371.470376133229,375.47103740308347,379.4714104641254,383.47211549652053,387.47253251854505,391.47325423789385,395.4734708259907,399.47430214812954,403.47458033045524,407.47523691742464,411.47552859075756,415.47597725868184,419.476207647212,423.4766089218919,427.47661944440455,431.4767479324548,435.4765750401218
1.187715e-07 1.187715e-07 1.742290e-01 0.00 0.4444730086581741 -0.03940583926181416 0.16336760287147203 0.5654176160577251 339.42243796922565,343.42169645377385,347.420949181238,351.42047314153234,355.4196901244303,359.41955167947214,363.4190327033649,367.4189915554891,371.418502263032,375.4185189929154,379.41835165629146,383.418303045445,387.41818138347855,391.4180959488608,395.4177152930784,399.4176986530896,403.4173884654878,407.41723030991665,411.4168580078368,415.41657916462253,419.4160443806821,423.4156512559311,427.41493732247915,431.41439277894114,435.41331778490786
1.729284e-07 1.729284e-07 1.698423e-01 0.00 0.4444730086581741 -0.03940583926181416 0.16336760287147203 0.566427078968337 339.4179887336606,343.41736739387414,347.4163516055956,351.4158794772595,355.41511017289594,359.41488298196316,363.41424384331344,367.414173128719,371.41361518616975,375.4136853434424,379.41330536236904,383.41327645276084,387.41294279303946,391.4129191888762,395.41245909568227,399.4124683822116,403.4118454055918,407.4118185960563,411.4113342307385,415.4109933199573,419.41058613752483,423.41001497092947,427.40907871288505,431.40847880442317,435.407291447159
1.610947e-07 1.610947e-07 1.701414e-01 0.00 0.4444730086581741 -0.03940583926181416 0.16336760287147203 0.5663569701580418 339.41828982468957,343.41772068020003,347.41671479483097,351.41624911544903,355.4154446382869,359.41523903351003,363.4145303646198,367.4144093014047,371.41399700515944,375.4139806527552,379.4136689978274,383.4135932708738,387.413259354783,391.4131823347323,395.4127719185544,399.41284123604925,403.4122864653758,407.4121975811748,411.4117357374343,415.4114678208151,419.41083067727334,423.41040567719807,427.4095691765171,431.4089411639118,435.40785768693996
7.447198e-08 7.447198e-08 2.108483e-01 0.00 0.4444730086581741 -0.03940583926181416 0.16336760287147203 0.5576159716704951 339.456944439679,343.4568933445358,347.45635843007483,351.4563795949914,355.4562243991782,359.4565337514036,363.4564374105664,367.45676037801553,371.4568601037292,375.4574694692972,379.4576751479556,383.4581909560684,387.45837876122215,391.4590389098939,395.4592263650246,399.45961974945396,403.45981229974126,407.4602839520567,411.4603900543273,415.46068423358423,419.460666676855,423.46084676725644,427.4608062622993,431.4606785926912,435.46018635781286
1.148613e-07 1.148613e-07 1.701881e-01 0.00 0.4444730086581741 -0.03940583926181416 0.16336760287147203 0.5664375119951722 339.41795041061096,343.4173509065213,347.41637904513226,351.41593603332814,355.4151291767864,359.4147662581227,363.4142334010905,367.4141166129394,371.4136447648062,375.41355519738795,379.4131949330928,383.41327658254687,387.4128557449396,391.41273790711796,395.41244578346556,399.41238813334525,403.411961168598,407.41162560603397,411.41128808227216,415.41100280245183,419.4104337077527,423.4099257233147,427.4090564309982,431.40856477251094,435.40743107497264
9.165995e-08 9.165995e-08 2.136873e-01 0.00 0.4444730086581741 -0.03940583926181416 0.16336760287147203 0.5570503736045681 339.45948175501206,343.4594040708827,347.45904929988626,351.45912031989275,355.45897564227926,359.4591780925885,363.4591716051608,367.4595781334892,371.4597959942077,375.4602680384837,379.4605865159702,383.4611396882635,387.4614256354561,391.46200466442355,395.4622315164767,399.4628252170313,403.46298583443405,407.4633447952047,411.46363350131645,415.46393882571203,419.4639466347852,423.4641818558854,427.4641033391075,431.4640958851658,435.46363581527885
1.124832e-07 1.124832e-07 2.164449e-01 0.00 0.4444730086581741 -0.03940583926181416 0.16336760287147203 0.5565080031541021 339.46188044183066,343.4618700948909,347.46152016530397,351.4618027638873,355.4614917277335,359.4618568087274,363.4617766580241,367.4623140939538,371.4624925635924,375.4631081888953,379.4633763729162,383.46402653825965,387.4641891574757,391.46495714699637,395.4652296654691,399.4657092797267,403.4660136924455,407.46641983696196,411.4666239020963,415.46706360391613,419.46709562937764,423.4674856669651,427.4673799282605,431.467484440816,435.4670520878613
6.408728e-08 6.408728e-08 2.090601e-01 0.00 0.4444730086581741 -0.03940583926181416 0.16336760287147203 0.5579761679789925 339.4553091530362,343.4552764226654,347.4548088929606,351.4548076490463,355.4545343013849,359.45463036703165,363.4546358639165,367.45510406060936,371.4550995394006,375.4555689684719,379.4558408870745,383.45633922918336,387.4565851192581,391.4570768419326,395.4572752430374,399.4577235116913,403.4578092508939,407.458258506447,411.45832974115683,415.4586218985075,419.4586146169948,423.45877950686076,427.45856491617593,431.45858887051037,435.4580803483154
2.960359e-07 2.960359e-07 1.630661e-01 0.00 0.4444730086581741 -0.03940583926181416 0.16336760287147203 0.5679490176565026 339.4115325096151,343.41074921233934,347.4096548791241,351.40901871560186,355.40816923807125,359.4077699391465,363.40711321032376,367.40688704308116,371.40639159347523,375.406284607191,379.4057673877959,383.4056994572749,387.4052360667908,391.40510320537544,395.40462285896973,399.40438272041035,403.4039166890294,407.40363723585534,411.4030269464649,415.40261102966247,419.40189825536316,423.401312995592,427.4004622665939,431.3996425419029,435.39852475429916
1.270980e-07 1.270980e-07 2.182406e-01 0.00 0.4444730086581741 -0.03940583926181416 0.16336760287147203 0.5561530927506166 339.46350996324566,343.46354842099987,347.4631933590918,351.46329272927596,355.46323269256885,359.46352550817124,363.46351525812054,367.4639922883602,371.46425503654496,375.46491047108003,379.46527107110575,383.46589808961363,387.4660572010399,391.4667892903335,395.46720008089073,399.4677126811957,403.46801551372505,407.4684505319911,411.4686388200399,415.4690482078976,419.4691934158834,423.46942918768394,427.46948916386765,431.46950689282085,435.4691170421183
2.378625e-07 2.378625e-07 1.671782e-01 0.00 0.4444730086581741 -0.03940583926181416 0.16336760287147203 0.566988433442463 339.41562471807873,343.4148618375099,347.4137928773013,351.41342447684497,355.4125519283981,359.4123248667578,363.41162472934354,367.41140573920677,371.4109994167277,375.4108621894277,379.41049613979743,383.41045234558663,387.4100395312025,391.4100052285008,395.4096425169937,399.4095835831819,403.40895099301974,407.4087978855463,411.40822261141335,415.40788490447335,419.4073159540967,423.40678570162305,427.40595900143273,431.40522315568455,435.40412214283583
6.023313e-08 6.023313e-08 2.075631e-01 0.00 0.4444730086581741 -0.03940583926181416 0.16336760287147203 0.5582895195025301 339.4538369647488,343.453760435023,347.4532784907009,351.45331513103076,355.45310409336065,359.4532208066657,363.45304693509723,367.4534856930858,371.45354169004565,375.45399918896175,379.45417929940385,383.4546601753237,387.45493351069297,391.4555033610315,395.45554377404625,399.45602957811764,403.4561279356336,407.4564661345426,411.45662833615205,415.4568347380568,419.4566401585696,423.45695625365875,427.45676206982745,431.45663616513644,435.4561322750701
7.369229e-08 7.369229e-08 2.118111e-01 0.00 0.4444730086581741 -0.03940583926181416 0.16336760287147203 0.5574438383040751 339.4576773886691,343.4576197755127,347.4572176657125,351.45729220144267,355.4570843226004,359.45733260712626,363.4573253548199,367.45773625879997,371.4577724470736,375.4583348707661,379.45857666833666,383.4591384206061,387.459413149668,391.4598722913628,395.4601797177068,399.4605736110791,403.46075802100347,407.4612138921601,411.4613057049774,415.4617152683897,419.46166148898027,423.46192172477214,427.46170069890746,431.4616476653826,435.4613958666543
6.895195e-08 6.895195e-08 1.807371e-01 0.00 0.4444730086581741 -0.03940583926181416 0.16336760287147203 0.5639586279747286 339.428792436713,343.4283550461863,347.42736665726034,351.4271426322332,355.4264872290779,359.42643655110146,363.42589494222767,367.42589277047233,371.4256981630898,375.425723534152,379.42555366436085,383.4257273773762,387.42545699681426,391.42557239003975,395.4254371345511,399.4254427309749,403.4252839837013,407.42517791613955,411.4247864880095,415.4247891473465,419.4243887697286,423.42408608617365,427.42345176385305,431.42295919161427,435.4219650089492
1.257556e-07 1.257556e-07 2.191577e-01 0.00 0.4444730086581741 -0.03940583926181416 0.16336760287147203 0.5560088523496938 339.4642326799632,343.464181192069,347.4638496846228,351.46399502276927,355.4639159666231,359.46411923024436,363.46427785764905,367.4648820007335,371.46502817336966,375.4656305056972,379.4659430263324,383.46651224144364,387.4670140989925,391.46765433048023,395.46799637733835,399.46843975972166,403.46865720128585,407.46922750658126,411.46953966386417,415.469978452058,419.47011591726476,423.4703326292717,427.47034424633915,431.4704533352326,435.4702747976617
1.674488e-07 1.674488e-07 1.694760e-01 0.00 0.4444730086581741 -0.03940583926181416 0.16336760287147203 0.5665129932753016 339.4176541089789,343.41701559630576,347.41599519944776,351.415590067826,355.4147160685518,359.4143865012671,363.41377029633134,367.4137097809159,371.4131592235162,375.4131996042378,379.41289893065425,383.4128379092072,387.41254168245865,391.41241157071386,395.41201506804134,399.4120672706167,403.411587286849,407.411300412224,411.41086120946477,415.41054168009526,419.40999612102485,423.40949073113933,427.40876147586386,431.40800255123395,435.4068164023275
8.682128e-08 8.682128e-08 2.131099e-01 0.00 0.4444730086581741 -0.03940583926181416 0.16336760287147203 0.5571649476784956 339.4588704855925,343.45877441727794,347.458477334679,351.4586704089555,355.45838324864883,359.4586941585419,363.4586483277259,367.4590369119502,371.45916391016954,375.4597103011024,379.4599850121599,383.46053822982987,387.46088005589917,391.4613837756328,395.46160857842875,399.46218497476787,403.4622879216142,407.4628219003326,411.46287992630056,415.4632683298093,419.46331251712513,423.46355055115106,427.46333626122765,431.4634382756004,435.46294287283627
2.531128e-08 2.531128e-08 1.961303e-01 0.00 0.4444730086581741 -0.03940583926181416 0.16336760287147203 0.5606353419204585 339.4434234670282,343.44318022918617,347.442542498358,351.44239571800125,355.4419421591831,359.4420615897462,363.4418106666107,367.4420209916107,371.44189613181396,375.4423017242355,379.44222766786487,383.4426987733961,387.44259241751905,391.44305707834945,395.4430275673069,399.4432948232089,403.4432698531933,407.44346074978705,411.44326968712073,415.44350318518457,419.4432895239543,423.4432154972249,427.442850619972,431.44263709360973,435.4418215973954
1.446680e-07 1.446680e-07 1.747094e-01 0.00 0.4444730086581741 -0.03940583926181416 0.16336760287147203 0.5652694153966322 339.42307350220716,343.42239740283634,347.42151616919386,351.4211051955579,355.42048110783423,359.42027269426796,363.41967630652925,367.4195968411215,371.4192929378003,375.4193417435105,379.41904272430014,383.4191288506807,387.41873670894995,391.41890367847714,395.4184898473552,399.41849988943,403.41812984120725,407.4180590266792,411.41776405819894,415.4175138497681,419.4169260442868,423.4166481504803,427.4158113368196,431.41523179147924,435.41437495027395
7.908040e-08 7.908040e-08 1.788921e-01 0.00 0.4444730086581741 -0.03940583926181416 0.16336760287147203 0.5643733838056407 339.42694190032336,343.426386048297,347.4256108005014,351.42529432490517,355.42459097305266,359.4244272818687,363.42397142251485,367.4239346250208,371.4236594966708,375.4237238476515,379.4235032403361,383.42367976630135,387.42340330086984,391.42344736371206,395.4233222208417,399.4233559483529,403.4229221980142,407.4228977984973,411.42262285879775,415.4223137582251,419.42205587741853,423.4217491591822,427.4211353586421,431.4205340855532,435.4195775543333
1.720236e-07 1.720236e-07 2.244727e-01 0.00 0.4444730086581741 -0.03940583926181416 0.16336760287147203 0.5549878211556444 339.46882624599766,343.46881008399805,347.4685915109757,351.468897072434,355.4687656469707,359.4692361701447,363.4693325880604,367.4699030750345,371.4701657886534,375.470862166833,379.4711489775958,383.4719539793871,387.47244474280876,391.4731267801619,395.4734329667207,399.4740857702606,403.4744041434651,407.4750807057558,411.4752736351291,415.47585805521186,419.47611867397467,423.47640015013934,427.47650490176846,431.47664064698824,435.47635381794805
4.668023e-08 4.668023e-08 2.050379e-01 0.00 0.4444730086581741 -0.03940583926181416 0.16336760287147203 0.558790454422709 339.4516244087016,343.4514913482221,347.4510509157312,351.45090668710975,355.4506521697651,359.4508705023011,363.4507516867057,367.45100915821104,371.4510804957734,375.4515026534673,379.4516948155729,383.4520377323684,387.45229248098474,391.4528002350502,395.45278428229165,399.45330806379366,403.4532996966353,407.4536660617916,411.4536900201696,415.4539207423012,419.454045218393,423.45401659073514,427.45368473930165,431.45375087777256,435.45308279036584
8.537511e-08 8.537511e-08 1.777997e-01 0.00 0.4444730086581741 -0.03940583926181416 0.16336760287147203 0.5646146836843009 339.42589845917223,343.4253088553561,347.4244716227683,351.42420817465603,355.42343216543844,359.42324006731684,363.4227863401506,367.42270733817577,371.422489894046,375.42254530316904,379.4222897317312,383.42241783051185,387.4221765372286,391.42219436222246,395.4220025013308,399.42194284509713,403.4216756106402,407.42167143036403,411.4212584249123,415.4211087323964,419.42058947906037,423.42033349798015,427.4196307979416,431.41918193137315,435.4182228567444
3.274010e-08 3.274010e-08 2.003576e-01 0.00 0.4444730086581741 -0.03940583926181416 0.16336760287147203 0.559755082315849 339.4473156119548,343.4470912316338,347.44652852153314,351.4465115338458,355.4461967090191,359.44621403069294,363.44606752166777,367.44629481336005,371.44628055885045,375.4467157244283,379.44679358627513,383.4471607905157,387.44718994974755,391.4477039211911,395.44774534256203,399.4480704768976,403.44802509620814,407.4484405581495,411.4482169572315,415.44852465419933,419.44840295623504,423.44830143521943,427.44801056674737,431.4478369254929,435.44709250644786
3.963274e-08 3.963274e-08 1.978313e-01 0.00 0.4444730086581741 -0.03940583926181416 0.16336760287147203 0.560275012962581 339.44503963413246,343.444767313241,347.44411547205976,351.4441260251664,355.44367010514316,359.4437959419876,363.4435071422392,367.4437813140194,371.4436952799928,375.44409136542475,379.4440597164548,383.44438092856456,387.44456739685586,391.44486699754015,395.44492767877824,399.4452552803343,403.44536150019394,407.4454473352155,411.44541014931735,415.445507676574,419.4453450246621,423.4452663074558,427.44498659661645,431.444701978706,435.4440929643892
4.452410e-08 4.452410e-08 1.901092e-01 0.00 0.4444730086581741 -0.03940583926181416 0.16336760287147203 0.5619000640734766 339.4377778731126,343.4374212830748,347.4366720479836,351.4364950314747,355.43601156989627,359.4360722515361,363.43568246760844,367.4358587669676,371.4358024396413,375.4359827704425,379.4358470031084,383.4362420701285,387.43599853824435,391.4363980914645,395.43628964029216,399.4366128390332,403.43640825813213,407.4364957448061,411.43631052676324,415.4363493542075,419.43597403092707,423.4359593799329,427.43536968410376,431.4351753756346,435.43438976360784
2.298943e-08 2.298943e-08 1.957246e-01 0.00 0.4444730086581741 -0.03940583926181416 0.16336760287147203 0.5607223920374308 339.4430036887764,343.4426898722857,347.4421164167389,351.4420579830207,355.4415299321899,359.4416679221711,363.44136579007994,367.44155870431575,371.44152478883836,375.44181194904064,379.4418305887985,383.44219172947385,387.4421725616409,391.4426027756319,395.4425783109382,399.442797701872,403.442758013562,407.44297630254323,411.44285775457433,415.4430283464207,419.4427140709326,423.442784175373,427.4424082477054,431.4421920065159,435.44140510975825
2.711811e-08 2.711811e-08 1.904060e-01 0.00 0.4444730086581741 -0.03940583926181416 0.16336760287147203 0.5618497500969678 339.4380823669162,343.43759856149967,347.43695346712144,351.4369245492338,355.43628446183567,359.43629953185547,363.43595638558963,367.43614706839537,371.4359522100367,375.4361260417457,379.43618643819724,383.4364963152263,387.43639352362504,391.4366494437592,395.43660175156145,399.43664845508493,403.43655558732684,407.4367636623911,411.43654275458226,415.43660332839346,419.43628743399455,423.43618914007004,427.43575772063525,431.4354582691301,435.4346113423001
4.723325e-08 4.723325e-08 1.897730e-01 0.00 0.4444730086581741 -0.03940583926181416 0.16336760287147203 0.5619705366906786 339.4375184148091,343.4370186859648,347.43636665959303,351.4362259520885,355.4357305880299,359.4358530514973,363.4353833862732,367.4355103405434,371.43536148651054,375.43559879861436,379.435475425195,383.4358225270676,387.43572891989163,391.43610691902285,395.43595673727833,399.43608535921476,403.4359642194113,407.4360815467393,411.43592715235013,415.43592148555933,419.43562755913655,423.43547959169854,427.43502411702264,431.4347499849744,435.4339164174982
4.515174e-08 4.515174e-08 1.858354e-01 0.00 0.4444730086581741 -0.03940583926181416 0.16336760287147203 0.5628357563742948 339.43365454097665,343.43331325361254,347.4324791917898,351.4322297264252,355.4317673003096,359.43168928221905,363.43123023623514,367.4313302058465,371.431039304135,375.43128797979944,379.43125081456867,383.4314287332135,387.43131355628987,391.4314903537792,395.43136797573544,399.43144229270456,403.4312393522932,407.4313128868717,411.4310813630659,415.4310433194572,419.4306537917383,423.4305274787238,427.4298734597936,431.4295572420226,435.42877524911023
3.967464e-08 3.967464e-08 1.949510e-01 0.00 0.4444730086581741 -0.03940583926181416 0.16336760287147203 0.5608733026701921 339.44235676833796,343.44210288300735,347.4414039472217,351.4413068075449,355.4409463142489,359.4408739201255,363.4406342319623,367.4407951209803,371.440688940236,375.44105997359435,379.4410890968518,383.4414079241465,387.4413952523032,391.44170384497147,395.44176819948086,399.442094894306,403.4418761545433,407.44210445963415,411.4420627904616,415.4421843310447,419.44182213905344,423.4418325771475,427.4414516391643,431.44114123035723,435.4405519135867
3.919022e-08 3.919022e-08 1.998502e-01 0.00 0.4444730086581741 -0.03940583926181416 0.16336760287147203 0.5598590564422018 339.44694861697934,343.4467135339094,347.4460317940703,351.4460971794737,355.4456267759656,359.4458013200405,363.44554760016615,367.44582401701354,371.4457036924769,375.4461565806638,379.44624981600293,383.44669506591333,387.4466727730871,391.4470116392408,395.4471268885692,399.44742535883665,403.44754212349557,407.44779870521677,411.4476048322624,415.4479095828137,419.44775864857166,423.4477232669127,427.44752481234883,431.44722881836907,435.44668788390635
4.010011e-08 4.010011e-08 1.933463e-01 0.00 0.4444730086581741 -0.03940583926181416 0.16336760287147203 0.5612125692268849 339.44088657996525,343.4405109969343,347.43988733047036,351.4397633667713,355.4392637631992,359.43928934173715,363.43903895560345,367.4392417674154,371.4390856289618,375.4393711202504,379.4393433650504,383.439707886284,387.43960101187554,391.44002007488984,395.43988077290516,399.440157432548,403.43999500767404,407.4402815506858,411.44015125271034,415.44019757775067,419.4398654742287,423.4399077673421,427.439616100047,431.43920689915484,435.4385432151239
6.639292e-08 6.639292e-08 1.859777e-01 0.00 0.4444730086581741 -0.03940583926181416 0.16336760287147203 0.5627819369464345 339.43386865610915,343.4334659655727,347.4326778355537,351.4325488724566,355.4320353606689,359.43193362924615,363.43149249724445,367.43160593317145,371.4313964181073,375.4315922206472,379.4314570128617,383.431660640067,387.4315537089453,391.43182725614207,395.4315281868756,399.4317596284297,403.4315707577412,407.4316465995574,411.4313676504881,415.43127101113816,419.43094256988553,423.4308483225518,427.4303438799446,431.42983981392666,435.4290417085707
3.507374e-08 3.507374e-08 1.986837e-01 0.00 0.4444730086581741 -0.03940583926181416 0.16336760287147203 0.5600992975287873 339.44580854471684,343.44553863362836,347.4449591684794,351.4448801471452,355.4445168001731,359.44462543175024,363.4443811938828,367.4446416252776,371.4445809134815,375.44495774549534,379.4449757735804,383.44543634197777,387.4454359367323,391.4457934192595,395.44587337948184,399.4461642047313,403.44614405317463,407.4464177629123,411.44639605826114,415.4465290457691,419.4463010834054,423.4463752929123,427.4460186409265,431.4458004656724,435.4452609268293
3.176522e-08 3.176522e-08 2.015962e-01 0.00 0.4444730086581741 -0.03940583926181416 0.16336760287147203 0.5594958834753851 339.44850993729926,343.4482467319616,347.44770501401547,351.4477044468675,355.44730738655903,359.44746473240167,363.4473293107794,367.4475879111615,371.44756387364606,375.4479525823859,379.44808334633836,383.4485315355219,387.4486844259732,391.4489985119326,395.44908039366425,399.44939521820965,403.4494177049557,407.44974829688226,411.44979563351774,415.44979759187606,419.4497954300259,423.4498853889905,427.4496254193518,431.4494517056744,435.4487233526562
4.279123e-08 4.279123e-08 1.861766e-01 0.00 0.4444730086581741 -0.03940583926181416 0.16336760287147203 0.5627610693587158 339.43402204222355,343.4335069184705,347.432769572913,351.4326602968491,355.43196316277414,359.43195821987473,363.43164505092693,367.4316749254992,371.43155146730027,375.431626828481,379.4314509068358,383.4317949871625,387.4316714007995,391.43179631603385,395.4316765230759,399.4319213201368,403.4316958028044,407.4317788884878,411.43145508770857,415.4315826621928,419.4310658668945,423.4309206509107,427.4303382880512,431.4300287376624,435.42909455783246
4.241712e-08 4.241712e-08 1.954692e-01 0.00 0.4444730086581741 -0.03940583926181416 0.16336760287147203 0.560765249160276 339.4427838819321,343.442496199096,347.4418567258788,351.44183846612043,355.4412804194929,359.4414105181828,363.4411486954919,367.4413527187978,371.44125030749416,375.4415217729124,379.4416490891638,383.441941438303,387.44189543893356,391.44231273054857,395.44249741462573,399.4424895224984,403.44258106742797,407.4428228697845,411.4425998752513,415.4427350490316,419.44251116635076,423.44237824335033,427.44216670576793,431.4417918440924,435.4411535942835
4.326148e-08 4.326148e-08 2.031931e-01 0.00 0.4444730086581741 -0.03940583926181416 0.16336760287147203 0.5591714753387527 339.44998976439894,343.44975193587186,347.44914583851096,351.4491611900097,355.44900442918413,359.4490031454133,363.4488599411629,367.44917007898346,371.44923033788757,375.4496303077117,379.44968334578834,383.4501254021623,387.4502618832335,391.4506985804829,395.4507418664091,399.4511199053667,403.45118787736476,407.45167236341797,411.45158806134026,415.4518008948177,419.4517193619118,423.451677678137,427.45151478620403,431.4513143671233,435.45082420229454
2.934755e-08 2.934755e-08 1.907582e-01 0.00 0.4444730086581741 -0.03940583926181416 0.16336760287147203 0.5617709703592006 339.4383901514816,343.4380722460401,347.43737456711597,351.43720716768087,355.43670717352836,359.4366409508725,363.4363907946845,367.43644961743314,371.43623106173106,375.4365739860218,379.43659952489736,383.4368635298586,387.4367678296578,391.4370610915247,395.43693956451176,399.4371734887088,403.4369988509328,407.4371835295974,411.4369901933899,415.4370099915679,419.4366815203974,423.43663579827927,427.436132096642,431.43585897172585,435.4351272521901
5.382260e-08 5.382260e-08 1.829255e-01 0.00 0.4444730086581741 -0.03940583926181416 0.16336760287147203 0.5634747754498549 339.4309208755554,343.4303589445429,347.4295809586499,351.42934229996024,355.4287924202357,359.42859340393625,363.42810644727956,367.4282582391121,371.42800771277444,375.42812224170274,379.4280256520641,383.42816867946067,387.4279686185078,391.4281558172993,395.42796574684996,399.4281150603746,403.42766413008275,407.4279188377245,411.4276305786661,415.4273887545776,419.42697131894107,423.4269096131252,427.4262642368331,431.4259135056966,435.4249127415553
2.549621e-08 2.549621e-08 1.922757e-01 0.00 0.4444730086581741 -0.03940583926181416 0.16336760287147203 0.5614483903213658 339.439777788787,343.4394257498358,347.43874460302453,351.4386890233559,355.4381105407909,359.43818176661836,363.43789486839023,367.4380700219521,371.4379524312924,375.43820466252015,379.438127819375,383.43846253644006,387.4384828800014,391.43874553495925,395.4386487735071,399.43883641473735,403.4387764597622,407.43892281402003,411.4388547770969,415.43884695829195,419.4385653421815,423.4385439388628,427.4380576127168,431.43780656253125,435.4369737694721
4.570011e-08 4.570011e-08 1.913372e-01 0.00 0.4444730086581741 -0.03940583926181416 0.16336760287147203 0.5616338815877854 339.43904473737473,343.4386132528359,347.43797557162145,351.4377012791159,355.4373246363178,359.4373695902972,363.43696445151016,367.43717654445175,371.4370252338832,375.4372391017797,379.4372215062128,383.4375955214474,387.43742649969425,391.4377673426619,395.4376465682244,399.4379380805433,403.43782364023605,407.43794694614866,411.43776408846907,415.4377708020537,419.43753247711845,423.4374575863582,427.43692918454155,431.436614220955,435.4359117754531
3.236987e-08 3.236987e-08 1.886505e-01 0.00 0.4444730086581741 -0.03940583926181416 0.16336760287147203 0.5622274714325413 339.4364077090346,343.4360539816421,347.43522947695516,351.4349665418903,355.4346172003201,359.4345292312159,363.43407120137914,367.4342121620543,371.4340784134094,375.43432818858713,379.4342442524027,383.4345544431362,387.4343106620186,391.43464105253315,395.4344967363425,399.4347936885572,403.4345801337282,407.43459216759516,411.4344766176089,415.4345684987536,419.43417720468176,423.43398915850037,427.4335894670624,431.4332358296685,435.4323461187573
2.288453e-08 2.288453e-08 1.959126e-01 0.00 0.4444730086581741 -0.03940583926181416 0.16336760287147203 0.5606823549728814 339.44322071074464,343.44294450097186,347.4423514084131,351.44220802176494,355.4417040498055,359.4418144015179,363.44159935006667,367.4417703966026,371.44161517659586,375.44206256595595,379.4420443247786,383.44248389275566,387.44248011546273,391.4426975801268,395.44272346951755,399.4430178186187,403.44301095457973,407.4431580914221,411.44310576497253,415.44326012703294,419.4429406491311,423.44302452904884,427.44252787182927,431.4425741327846,435.44159039551533
3.972590e-08 3.972590e-08 1.964640e-01 0.00 0.4444730086581741 -0.03940583926181416 0.16336760287147203 0.5605601880549473 339.443724720711,343.4434439841556,347.4427887586003,351.4427124299398,355.4424148801833,359.4423990927017,363.44214349637923,367.4423826284745,371.4423424721572,375.44260592808826,379.44264192148705,383.44302242544995,387.4429885854742,391.4434653446381,395.44346518103737,399.4437059710128,403.4435992662371,407.443783993587,411.44375420849696,415.44395761233494,419.4437395405761,423.44370847847705,427.44334634215693,431.4430399859369,435.4424062545359
2.471334e-08 2.471334e-08 1.935613e-01 0.00 0.4444730086581741 -0.03940583926181416 0.16336760287147203 0.5611739563627209 339.4411055410427,343.4407057868419,347.4400289087285,351.439888602581,355.4394155113301,359.43949761104324,363.4391486111744,367.4393880972344,371.4393332283617,375.4395782571782,379.4395281307595,383.43980784965186,387.4398314753766,391.44018594523214,395.440114039947,399.4404130002802,403.44029261986185,407.4404675932678,411.4403130725433,415.44032924024134,419.44020049512886,423.4400834776437,427.4396460196404,431.4394347136975,435.4386902545717
2.589768e-08 2.589768e-08 1.933636e-01 0.00 0.4444730086581741 -0.03940583926181416 0.16336760287147203 0.561220948387147 339.4408961774616,343.4404711125868,347.43975467344444,351.4397282652212,355.4393014483728,359.4392470269023,363.4390070885294,367.43915313922804,371.43899952419764,375.43926941437775,379.4392425249749,383.4396108530225,387.43964162293054,391.4399015750082,395.4399595931128,399.4402056234717,403.4400426199453,407.44026925722426,411.44007197621954,415.440112356235,419.4399093657794,423.43993115504674,427.43945097992014,431.43918937307996,435.4384373956473
4.441300e-08 4.441300e-08 1.930767e-01 0.00 0.4444730086581741 -0.03940583926181416 0.16336760287147203 0.5612670699875365 339.44067677541324,343.44029966940394,347.43962457072786,351.4394573162242,355.4390700698218,359.4391013296019,363.4388120769645,367.4388916334439,371.4387890696683,375.43915735404545,379.4391262581931,383.4394974516017,387.43932020937575,391.43970616837356,395.4396531620569,399.4399165640077,403.43982905045647,407.43995271125476,411.4397804211359,415.43993528729135,419.4396240235496,423.43949600733146,427.4390804500503,431.4387508056162,435.43805619146235
3.779191e-08 3.779191e-08 1.971032e-01 0.00 0.4444730086581741 -0.03940583926181416 0.16336760287147203 0.5604249652075219 339.44437236763827,343.444130767372,347.4435174018123,351.4433820249787,355.44295666848325,359.4430778034787,363.4428157736905,367.44303095423135,371.4429625273617,375.4432960731903,379.44338798632293,383.4436580056883,387.44378080054844,391.4440830292474,395.4441640921466,399.4445178018288,403.4443482806844,407.44457251742807,411.4444843504556,415.4446196466671,419.44437919165136,423.4444689024653,427.4441774221639,431.44378546305495,435.44327920182064
3.635552e-08 3.635552e-08 1.876754e-01 0.00 0.4444730086581741 -0.03940583926181416 0.16336760287147203 0.5624377120978687 339.43545910243324,343.4350105365121,347.4342658823003,351.4340494256584,355.43354195537756,359.4335531490723,363.4331700433155,367.4332879874258,371.43301353631745,375.43335905611553,379.4331764221882,383.4333891256192,387.4333945632094,391.4335520464995,395.43339524527335,399.4336354417828,403.43332542046016,407.43348953623445,411.43332701302614,415.4332960856609,419.432976159826,423.4328390242961,427.43227034098805,431.4319408985005,435.43107773119004
2.512950e-08 2.512950e-08 1.944214e-01 0.00 0.4444730086581741 -0.03940583926181416 0.16336760287147203 0.5609944651225783 339.44187386824245,343.4415309244221,347.44093547613113,351.44072580890776,355.44022499639516,359.44035223670414,363.44011218284976,367.4402373107225,371.4401698946444,375.44043858762075,379.4404212145935,383.440860170874,387.44081438370773,391.44116015837403,395.4410941031729,399.44131643946054,403.441273586861,407.44140728448116,411.44130591979,415.4413584691487,419.4411977480242,423.44124662636824,427.44074841286687,431.4405091786242,435.43979524502095
4.682009e-08 4.682009e-08 1.932976e-01 0.00 0.4444730086581741 -0.03940583926181416 0.16336760287147203 0.5612189811369755 339.4408350159019,343.4405331268769,347.4398684622623,351.43968808249326,355.4392516796343,359.4392733081849,363.43899722956394,367.4391341968635,371.43900366509155,375.43936904305133,379.43930897278096,383.4396175595766,387.4395832184248,391.43997427405986,395.4399294428397,399.4400919324286,403.4401377695402,407.44021902838637,411.4400470952501,415.4401622517649,419.4399128859318,423.43980660118007,427.4394422821346,431.43901063362915,435.43834673254634
4.723573e-08 4.723573e-08 2.053864e-01 0.00 0.4444730086581741 -0.03940583926181416 0.16336760287147203 0.5587292552260656 339.4519435878056,343.45170752705656,347.4511969721819,351.45129237512066,355.45090849354546,359.45119609670843,363.45099848648476,367.4514654308651,371.45139604825255,375.4519084167143,379.4519582421808,383.4524102624772,387.4526936208181,391.4530059231894,395.4532788820993,399.4535528598386,403.4536445263444,407.4540554199143,411.4539904706155,415.4543617840271,419.4542311447441,423.4542859172051,427.45412544934703,431.45405142186337,435.45346856606966
2.798133e-08 2.798133e-08 1.938931e-01 0.00 0.4444730086581741 -0.03940583926181416 0.16336760287147203 0.5611061815239935 339.4413525811563,343.441039282893,347.44032546535203,351.4402672267584,355.43975806270123,359.4398711335626,363.4395480315991,367.43967091005425,371.439540881956,375.4399289192118,379.4399184126321,383.4402209831982,387.44014935785606,391.4405336020926,395.4405589987859,399.4407729984499,403.44068216382163,407.4407397894665,411.44071882108534,415.4407953899612,419.4405726933651,423.4404955167731,427.4402006188139,431.4396678366613,435.4390075193882
8.608376e-08 8.608376e-08 1.836747e-01 0.00 0.4444730086581741 -0.03940583926181416 0.16336760287147203 0.5632797034048727 339.4317126741337,343.4313536122416,347.430513535609,351.43023119073115,355.4295725729503,359.4296204972426,363.4291224726051,367.42914426124094,371.4289966992645,375.42913944342536,379.4289328167208,383.42913739697065,387.4290448199096,391.4291745668831,395.42900935967026,399.4290968508325,403.42885061784347,407.4289202880009,411.42853626302343,415.4285144547804,419.42818738516246,423.4279730121077,427.4274049062531,431.42678476718066,435.42600628334674
2.989363e-08 2.989363e-08 1.986351e-01 0.00 0.4444730086581741 -0.03940583926181416 0.16336760287147203 0.5601102239620964 339.445739806516,343.44551559010773,347.4448725294858,351.444857608426,355.4444829997072,359.4444851443874,363.44439185995526,367.4445627611535,371.44447480205383,375.4447712054902,379.4449669337993,383.44531010184033,387.4454265566374,391.44575195500965,395.4458245357738,399.44615533024404,403.446144855325,407.44638692426867,411.4462919730056,415.4464386596148,419.44625917589997,423.44630339848686,427.44594193901474,431.445675114885,435.44500713446513
3.199457e-08 3.199457e-08 2.015987e-01 0.00 0.4444730086581741 -0.03940583926181416 0.16336760287147203 0.5594980229761094 339.4484252322263,343.4482723355746,347.4477298398367,351.4476798042494,355.4473193763923,359.4475139421584,363.4472036956768,367.4475945544337,371.4475715923784,375.44798081256425,379.4480979979638,383.44850759954045,387.448647734362,391.44902218182347,395.4490926424571,399.44946916694875,403.44957362705316,407.4497810580284,411.44970953824355,415.44985074602874,419.44980619522255,423.4497923223316,427.4495638752937,431.4494384624119,435.44892530413847
2.574986e-08 2.574986e-08 1.960694e-01 0.00 0.4444730086581741 -0.03940583926181416 0.16336760287147203 0.560647176558564 339.4433960151223,343.44306749997486,347.4424922048667,351.4423428150161,355.4418233387992,359.44198334848215,363.4417334184396,367.44195707355334,371.4418923641961,375.4421755022715,379.4421612520944,383.4426385164491,387.44264461094383,391.4429544922711,395.44285627682785,399.4430981168792,403.44320106451096,407.4434594223482,411.4433609806908,415.4433999305074,419.44318388258523,423.4431282162196,427.44277791024905,431.44260369029877,435.4418430531044
3.926007e-08 3.926007e-08 2.035994e-01 0.00 0.4444730086581741 -0.03940583926181416 0.16336760287147203 0.5590854394906745 339.45034971326504,343.4500504567288,347.44966612560705,351.4495848773512,355.4493330415432,359.4494468781691,363.449274095697,367.44956702120305,371.4495942226289,375.45007489570145,379.45016583532276,383.4505990330806,387.4507299701948,391.4512045204323,395.4512283251292,399.4517290882551,403.4517776267998,407.4520756776306,411.4521042509587,415.45223931966393,419.4521288757213,423.4522744948288,427.45200345178677,431.4518641948599,435.4511573358415
3.074103e-08 3.074103e-08 1.960659e-01 0.00 0.4444730086581741 -0.03940583926181416 0.16336760287147203 0.5606525413375661 339.4433042263571,343.44298551642106,347.44243685774387,351.44227685516864,355.4419100597433,359.4419385504952,363.4417317734377,367.4419362488175,371.4418494574746,375.44218271542854,379.44214742031164,383.44265356838696,387.44268668217165,391.4429194931232,395.4429152651822,399.4431189203702,403.44321140673947,407.44339124998686,411.4433271787644,415.44342304625746,419.44325000005114,423.44315674959296,427.442768346533,431.44238899335375,435.4417190934888
4.124318e-08 4.124318e-08 1.921557e-01 0.00 0.4444730086581741 -0.03940583926181416 0.16336760287147203 0.5614646882134524 339.4397904080014,343.43945410584064,347.4387110926109,351.4385709446877,355.4381604431766,359.4380354832122,363.437832349526,367.4380705649804,371.4377703402181,375.4381897271395,379.4380813657107,383.43841317139163,387.43844390843947,391.43875805628255,395.43859504146417,399.4388063589558,403.438730940943,407.43879362179575,411.43876657989045,415.43870590358216,419.43854762274077,423.43838590528003,427.4380186362833,431.4376474379591,435.4370308705766
3.750882e-08 3.750882e-08 1.951873e-01 0.00 0.4444730086581741 -0.03940583926181416 0.16336760287147203 0.5608258218052513 339.44265309818684,343.4422942809945,347.4416156320665,351.4415465248595,355.4411334673329,359.4412283772241,363.4408828275084,367.4410794375425,371.4409909981304,375.44128876044107,379.44125344336646,383.4417452296772,387.4416389264669,391.4420129437338,395.4420090092231,399.4423216093854,403.4420773629384,407.44232532686647,411.44232006829276,415.44237438823785,419.4422018534491,423.4421641791501,427.4417188730727,431.44148340373516,435.4408438481267
3.572088e-08 3.572088e-08 1.882309e-01 0.00 0.4444730086581741 -0.03940583926181416 0.16336760287147203 0.5623205754217009 339.4359320038261,343.4356761583603,347.4348132937847,351.43468593194956,355.43419540276244,359.43408114493695,363.4337340651289,367.4338411233536,371.43365715279725,375.4338312698891,379.43375808408655,383.4339984691255,387.43401901463943,391.4341894028228,395.4340158401751,399.434228177472,403.43399522717635,407.43419975855414,411.4339274046883,415.43399185542864,419.4336989352032,423.4335579480887,427.43296965603537,431.43266728216685,435.4318927790477
3.348722e-08 3.348722e-08 1.974030e-01 0.00 0.4444730086581741 -0.03940583926181416 0.16336760287147203 0.560365217816894 339.4446694680406,343.4444012410923,347.4436555733132,351.44379002874086,355.4432676261273,359.44333138446234,363.4430763698844,367.44334610778446,371.44328275766594,375.4436406530819,379.4437009716149,383.4439497460765,387.4440941542882,391.4443930928015,395.4444243148553,399.44480165051635,403.4447677433747,407.4449212668403,411.44488158843376,415.4449507597978,419.44480723211564,423.44480940475216,427.44445441178107,431.44420868439386,435.4437095564543
3.940363e-08 3.940363e-08 2.006634e-01 0.00 0.4444730086581741 -0.03940583926181416 0.16336760287147203 0.5596909016904447 339.44761726624546,343.4474221659619,347.44693909513774,351.4467995668279,355.4464507179414,359.44659391115084,363.44631459420043,367.4467341162938,371.44666314065415,375.4470007248258,379.4469782011946,383.44742684079176,387.447549471695,391.4480285938054,395.4480319543095,399.4483517644946,403.44851794123736,407.44866864175486,411.4485818178729,415.44879717102714,419.448686621794,423.44875569618597,427.4484774865024,431.44815316058583,435.44776260929694
2.530101e-08 2.530101e-08 1.920507e-01 0.00 0.4444730086581741 -0.03940583926181416 0.16336760287147203 0.5614962382885161 339.43960351071854,343.4392933961105,347.43858509586954,351.4384602486413,355.4379538661931,359.43802056942036,363.43766485022485,367.43785208393376,371.43768837778964,375.4379033668967,379.43799008771384,383.43816439403133,387.4382140884907,391.4385311093507,395.4383988302344,399.4386009689337,403.43856552147713,407.4386575759824,411.43852205784697,415.4385942300142,419.43825713725255,423.43817640480626,427.43786018728485,431.4374487967387,435.4367049998275
1.184586e-08 1.184586e-08 1.913418e-01 0.00 0.4444730086581741 -0.03940583926181416 0.16336760287147203 0.5616563074313559 339.4388136086249,343.4385391238995,347.4378720752483,351.4377114212619,355.43721397375276,359.43721246118776,363.4369016723679,367.4369992761923,371.4369341126067,375.4371614224106,379.4371097820805,383.43741381073414,387.4373528644039,391.43762560362256,395.4376122803902,399.4377073156273,403.4376179509536,407.43773728444415,411.4375352844596,415.43751758662876,419.4374270390512,423.4373172605918,427.43677396788735,431.43662651389246,435.4357454422165
3.780314e-08 3.780314e-08 1.882021e-01 0.00 0.4444730086581741 -0.03940583926181416 0.16336760287147203 0.5623233666786932 339.43584810544615,343.43562472333304,347.43483290355124,351.434695709462,355.4340492788551,359.4340618842283,363.43376917342607,367.433854953623,371.433664781564,375.4338782846074,379.43372308383306,383.4339830873742,387.43397515811847,391.4341654866812,395.4340429423277,399.4340687179804,403.43410850806816,407.4341927061917,411.4338998186379,415.43396036212397,419.4336311340656,423.4334102149826,427.4328918343554,431.4325602561964,435.43181566719454
4.859457e-08 4.859457e-08 1.916188e-01 0.00 0.4444730086581741 -0.03940583926181416 0.16336760287147203 0.5615761757584927 339.43921888792437,343.4389180050404,347.4381957660973,351.43811448757106,355.4375908127441,359.4376222439745,363.4373239911644,367.43746769900025,371.4372647332701,375.4375119673306,379.43746558681056,383.4379132009305,387.4378447515178,391.4380185962394,395.4380710562487,399.43823037503665,403.438071977897,407.43826855275074,411.43804989947915,415.438148014543,419.4378127461031,423.4378206410224,427.4373656108611,431.43695445123603,435.4362297908792
3.039101e-08 3.039101e-08 1.990087e-01 0.00 0.4444730086581741 -0.03940583926181416 0.16336760287147203 0.5600338960458461 339.4460738923533,343.44585735653413,347.44529183413636,351.44521300380813,355.4447836666074,359.4449219150119,363.4447335199894,367.44497353507865,371.4448480247413,375.4453060029907,379.4452858861592,383.4456657413821,387.44573097791493,391.4461280035031,395.4462191886898,399.44652041959966,403.44668038023207,407.44682755725637,411.44671498472013,415.44685704381476,419.446797375086,423.44673744435704,427.4463767200628,431.4462194349566,435.44553884830265
2.542141e-08 2.542141e-08 1.948733e-01 0.00 0.4444730086581741 -0.03940583926181416 0.16336760287147203 0.5608976058709955 339.4422518386708,343.44195833691094,347.44130450411654,351.4412787836117,355.4408145058504,359.44079012857,363.4405704467808,367.4407258505122,371.44062087877114,375.4409355126839,379.4408358459024,383.4413155367423,387.4413379612368,391.44156306754405,395.4415765590161,399.441877385571,403.44165395967485,407.44200769975123,411.44194395141915,415.441951441698,419.44173215191284,423.44175004587146,427.44131655054656,431.44109500256235,435.4403837942685
3.078622e-08 3.078622e-08 1.898298e-01 0.00 0.4444730086581741 -0.03940583926181416 0.16336760287147203 0.5619702315833848 339.4374732770569,343.43710930479773,347.4364119108694,351.43620268773384,355.43562729441516,359.43574607186713,363.4354303325418,367.4355127942553,371.43536609290027,375.4355855727749,379.43554458837895,383.43577785966863,387.4357390478595,391.4360358782834,395.43592485806505,399.43606348763973,403.43596589643556,407.43611180314144,411.4358827501131,415.43586720165933,419.435598639225,423.4354681212639,427.43492800036125,431.4346972165809,435.43383309796985
8.514429e-08 8.514429e-08 1.838039e-01 0.00 0.4444730086581741 -0.03940583926181416 0.16336760287147203 0.5632577757813138 339.4318449877322,343.4313193067956,347.430559814434,351.4303973162493,355.42977480328506,359.42968747999265,363.42922892518783,367.4293418943726,371.428997225482,375.4291741516648,379.4290866643714,383.42922871086716,387.42967537179226,391.42939011534446,395.4290085082616,399.4291429337899,403.42889665923565,407.42903617757196,411.4287747042895,415.428648672345,419.4282959032213,423.4280855766311,427.427538967008,431.4270765352144,435.42623606700005
2.453551e-08 2.453551e-08 1.945858e-01 0.00 0.4444730086581741 -0.03940583926181416 0.16336760287147203 0.5609605767959357 339.44193576951636,343.4416866536141,347.4410242344411,351.44089736551086,355.44049486031145,359.4404545087602,363.44026078358195,367.4403998948018,371.44036479978405,375.4407041552142,379.4405528119782,383.4409367331132,387.4409786229776,391.44140562601916,395.44126038965305,399.4415044070249,403.4413782398057,407.44157741114293,411.4415311925871,415.44167407707016,419.4414333535535,423.4413342991166,427.44100644408104,431.44070363250324,435.43993246467085
2.528657e-08 2.528657e-08 1.955164e-01 0.00 0.4444730086581741 -0.03940583926181416 0.16336760287147203 0.5607619800123849 339.4429303197596,343.4425162501569,347.44184458777505,351.4418321311361,355.4413440919056,359.4414597741607,363.4411306085967,367.44138625755704,371.44127569268744,375.4416254017195,379.4416433672143,383.4419895728313,387.441997253124,391.442307298025,395.4423657068993,399.4426016500676,403.4425892333865,407.4427433069657,411.4426397578756,415.44271847131495,419.44255847172644,423.4424626187055,427.4420199970708,431.4418907594476,435.4411495308175
3.791619e-08 3.791619e-08 1.981919e-01 0.00 0.4444730086581741 -0.03940583926181416 0.16336760287147203 0.5601985636770865 339.4453529841587,343.4450585440791,347.4444509520897,351.4443725150357,355.4440530544831,359.44416899051515,363.4439511715948,367.4441801687871,371.44407821298495,375.4444122890551,379.44440129619005,383.44488806479103,387.4448145181237,391.4452844423066,395.44528331778287,399.4456709830759,403.44556091309505,407.4458847919692,411.44581494322495,415.4459175929302,419.44579799255376,423.445823452651,427.44550566674974,431.4450424421786,435.44475585171756
2.323895e-08 2.323895e-08 1.944866e-01 0.00 0.4444730086581741 -0.03940583926181416 0.16336760287147203 0.5609830443622166 339.441847775193,343.4416149343775,347.44084052903867,351.4408928581136,355.4402660789782,359.4403677469516,363.4401134286685,367.44035254545236,371.44024690201127,375.44062192961786,379.44053509474634,383.44080910854893,387.4408341116625,391.4411274433088,395.44117539461286,399.44137555412726,403.4413594063957,407.44154928236895,411.4414546249958,415.4414959589115,419.4413124680649,423.44121920812483,427.440819964323,431.44063965451954,435.43990688952056
5.675100e-08 5.675100e-08 1.867994e-01 0.00 0.4444730086581741 -0.03940583926181416 0.16336760287147203 0.5626022799270337 339.43477167164997,343.43430767235577,347.4335700642113,351.4333486073222,355.43276320955954,359.4328074456311,363.4323570686066,367.4324858569995,371.432334579369,375.43239934597676,379.4323852956034,383.4325032547538,387.4324932842363,391.4326603726237,395.4325064188029,399.432687260863,403.4325322193789,407.4325849889903,411.4322528652495,415.4323982802992,419.431975081292,423.4318018734752,427.4313547861602,431.43095377979495,435.4301727248992
5.812177e-08 5.812177e-08 1.895869e-01 0.00 0.4444730086581741 -0.03940583926181416 0.16336760287147203 0.562011946288831 339.43730526074137,343.43688177394864,347.4362666480407,351.43600518768545,355.43553672289534,359.43559767694205,363.4351568174317,367.4353234318652,371.4352003526437,375.43538703349327,379.43521205366216,383.4354760548129,387.43559851361357,391.4357827496403,395.43569306806967,399.43592437871,403.4357554650751,407.43589659128327,411.43568443436277,415.4356987054012,419.4354052014876,423.4354725465318,427.4348543714677,431.4344424368783,435.4336277993937
3.998710e-08 3.998710e-08 1.941678e-01 0.00 0.4444730086581741 -0.03940583926181416 0.16336760287147203 0.5610385669331652 339.4416783068239,343.4412921880979,347.44061372581467,351.44046242481033,355.4400313280359,359.44017476948324,363.43982616550755,367.4400843157536,371.4399014846428,375.4401976227551,379.4401871984526,383.4405700742403,387.4406183731214,391.44081462017476,395.4408684832409,399.44114888338765,403.44104543745715,407.4412142924311,411.44106057988506,415.44115434268286,419.4409531071533,423.44090776678775,427.44054171137225,431.4402553569409,435.4394920448273
2.832604e-08 2.832604e-08 1.917968e-01 0.00 0.4444730086581741 -0.03940583926181416 0.16336760287147203 0.5615538477926681 339.4392642020589,343.4389301842175,347.4383044559248,351.4381760600903,355.4377647322465,359.4376397597428,363.4373153880197,367.43754274564486,371.4373927708898,375.437605867326,379.43768097600827,383.43789930690264,387.43788657316276,391.4382765239459,395.43822086609464,399.4382935608709,403.43825495711553,407.4383436896173,411.4382384487566,415.43821993544026,419.438040604803,423.4379726586385,427.43747792422,431.4371937345456,435.43649595179585
2.627678e-08 2.627678e-08 1.967315e-01 0.00 0.4444730086581741 -0.03940583926181416 0.16336760287147203 0.5605073042614819 339.4439573550302,343.4436937220006,347.4431271553944,351.4429303865191,355.4426110079477,359.44266947694854,363.4423955594149,367.4426266609902,371.4425401835273,375.4428689801041,379.44284879119414,383.4432673633205,387.44328608164074,391.44368833172643,395.4436121006132,399.4439992272403,403.44393671482504,407.44415333111743,411.4441337425003,415.4442489762518,419.4440322463158,423.44391591594444,427.44359851410934,431.44340250096496,435.44265030990374
4.038261e-08 4.038261e-08 2.004041e-01 0.00 0.4444730086581741 -0.03940583926181416 0.16336760287147203 0.5597464510127201 339.4474421687267,343.44720177687265,347.4465329769374,351.4465298889194,355.44612769056033,359.446224876841,363.4461308977802,367.4463636881541,371.4462868352018,375.4467369581396,379.446671933153,383.44712968704476,387.44739081902503,391.44769726374454,395.44775882072986,399.44810613058144,403.44805852522563,407.44842667788805,411.4482766867245,415.44857910608926,419.44840149170943,423.4484843061216,427.44814290816237,431.44797571977784,435.447344157148
3.936797e-08 3.936797e-08 2.019599e-01 0.00 0.4444730086581741 -0.03940583926181416 0.16336760287147203 0.5594271126393092 339.4488381427556,343.4485706643317,347.4479892595427,351.44794963846454,355.447666649447,359.4478254237608,363.44765080178325,367.44790480093087,371.44789910475765,375.4483857042223,379.4483979521025,383.44885520652497,387.4489553728265,391.4493939069443,395.4494483884758,399.44977859246893,403.44981531512485,407.45022241686434,411.4501329343424,415.45033730676806,419.450257312898,423.45023420755314,427.4500708414025,431.4497956702752,435.44937774746035
2.251589e-08 2.251589e-08 1.944571e-01 0.00 0.4444730086581741 -0.03940583926181416 0.16336760287147203 0.5609880420680786 339.44172740274416,343.4415396828904,347.4408884256542,351.44082731326364,355.4402227971221,359.4403845379662,363.440133805752,367.4403057718975,371.44017824292996,375.44042827365536,379.4405198804338,383.4407925663622,387.44091426888417,391.44109099292217,395.44120314296123,399.4414283332477,403.44124637033843,407.4414815996268,411.44135451534066,415.44145405175357,419.4411596023782,423.44123872175794,427.4408864192638,431.4405838522061,435.43976691583373
4.500730e-08 4.500730e-08 1.945832e-01 0.00 0.4444730086581741 -0.03940583926181416 0.16336760287147203 0.5609518100702957 339.44199641809934,343.4417013088004,347.44113969917515,351.4408735090772,355.4405608408251,359.4404889523404,363.4403199681611,367.4404882821233,371.44040872155875,375.440653888179,379.4407045449584,383.4409472544722,387.44096362278714,391.4412844348283,395.4414653066171,399.44157123524764,403.44146402848213,407.4416397214847,411.44168357094236,415.4416813203795,419.44144975968743,423.4413921280121,427.4410726026684,431.44061989406816,435.4400215922516
2.588779e-08 2.588779e-08 1.923858e-01 0.00 0.4444730086581741 -0.03940583926181416 0.16336760287147203 0.5614277477455993 339.439936509037,343.4395216363734,347.4387583380935,351.43871494292705,355.43818859792145,359.4382309778058,363.43801720584156,367.4381776472036,371.43800081747486,375.4383804675901,379.43816297316823,383.43862705288353,387.438616476323,391.4388344378237,395.43871773930465,399.43908862743694,403.43890232944244,407.4390421950547,411.4389864377044,415.4390475141193,419.4387344033831,423.4386037306555,427.4382100197787,431.4379627390038,435.4371087026609
2.836379e-08 2.836379e-08 1.904173e-01 0.00 0.4444730086581741 -0.03940583926181416 0.16336760287147203 0.5618485865408381 339.43812203094114,343.43769292773925,347.43693337176177,351.43680031157686,355.4362834938566,359.4362703954927,363.43599825821553,367.43612122025905,371.43594830234304,375.4362736050382,379.43625156221447,383.43639297358925,387.43637357465326,391.43672365646137,395.4366478138804,399.43672542135636,403.43663447280505,407.43671900247574,411.4365494164687,415.4366221536949,419.4363044778077,423.43616090918783,427.4357511004606,431.43541709795136,435.43457944453576
3.500415e-08 3.500415e-08 1.972853e-01 0.00 0.4444730086581741 -0.03940583926181416 0.16336760287147203 0.560387561285491 339.4445491019529,343.4442772023235,347.44357761177235,351.44356424292425,355.4430602003244,359.4432398892116,363.4430082461088,367.44326563842617,371.4431837877979,375.44345171577044,379.4435087720384,383.44389622202937,387.443959368849,391.44425405837404,395.44441615203453,399.4445692432363,403.444508884717,407.444853793528,411.44471665991927,415.44482256901995,419.4447174289158,423.4446417463792,427.4443683366256,431.44408465016306,435.4435270166446
