9.999986138434896477e-01
9.999963912567569890e-01
9.999943227270430279e-01
9.999922630266923074e-01
9.999902830763075512e-01
9.999883393861198622e-01
9.999864645737910340e-01
9.999846365004054771e-01
9.999828750324794013e-01
9.999811674761898139e-01
9.999795278941269183e-01
9.999779493744785919e-01
9.999764433702198474e-01
9.999750078090742234e-01
9.999736539267733981e-01
9.999723846272872141e-01
9.999712088550839484e-01
9.999701151435381741e-01
9.999690633663688155e-01
9.999679961916140281e-01
9.999668816248780123e-01
9.999657087333337913e-01
9.999644724891144643e-01
9.999631681719512999e-01
9.999617906906997922e-01
9.999603344691071483e-01
9.999587933898517189e-01
9.999571607297983444e-01
9.999554290865945161e-01
9.999535902946328214e-01
9.999516353286252990e-01
9.999495541926910480e-01
9.999473357923278627e-01
9.999449677863192498e-01
9.999424364147347921e-01
9.999397262986479129e-01
9.999368202060795463e-01
9.999336987774763985e-01
9.999303402025340182e-01
9.999267198383079425e-01
9.999228097560225459e-01
9.999185782010140411e-01
9.999139889461844399e-01
9.999090005143376203e-01
9.999035652380661165e-01
9.998976281172365921e-01
9.998911254227075274e-01
9.998839829797402379e-01
9.998761140443304107e-01
9.998674166582731671e-01
9.998577703314588394e-01
9.998470318485065400e-01
9.998350299253369045e-01
9.998215583405959395e-01
9.998063670234762501e-01
9.997891503724213313e-01
9.997695317761250422e-01
9.997470428576628043e-01
9.997210952815270835e-01
9.996909419153676701e-01
9.996556224934379786e-01
9.996138862907765210e-01
9.995640799850709080e-01
9.995039815777722048e-01
9.994305485603707240e-01
9.993395257440511603e-01
9.992248157560789101e-01
9.990774327595225435e-01
9.988836916470729133e-01
9.986219212041097526e-01
9.982561486739233159e-01
9.977230939982312252e-01
9.969029671889043653e-01
9.955461812952112188e-01
9.930597984625173513e-01
9.877370521260594449e-01
9.728530015680417753e-01
8.973684988274801544e-01
