9.999972707572865049e-01
9.999928707400494998e-01
9.999887258381293664e-01
9.999845472461932339e-01
9.999804748074586636e-01
9.999764186784664277e-01
9.999724439512622798e-01
9.999685018396043956e-01
9.999646320528533527e-01
9.999608031245339479e-01
9.999570424501540433e-01
9.999533279120311757e-01
9.999496798229398076e-01
9.999460818592325051e-01
9.999425498321121708e-01
9.999390713626467031e-01
9.999356592182860881e-01
9.999323039124210499e-01
9.999290160832733365e-01
9.999257885147492253e-01
9.999226303517305681e-01
9.999195362975989987e-01
9.999165145078702244e-01
9.999135614664271809e-01
9.999106848231167355e-01
9.999078829333322149e-01
9.999051635393286785e-01
9.999025273038023576e-01
9.998999829728185684e-01
9.998975344131884047e-01
9.998951921854060121e-01
9.998929618154855925e-01
9.998908454280590608e-01
9.998888207423557439e-01
9.998868397525817464e-01
9.998848486178419925e-01
9.998828166563292763e-01
9.998807326155557673e-01
9.998785927805502460e-01
9.998763948621740560e-01
9.998741367186534390e-01
9.998718161264266158e-01
9.998694307616700083e-01
9.998669781912233878e-01
9.998644558666605064e-01
9.998618611176059989e-01
9.998591911446690350e-01
9.998564430118895840e-01
9.998536136386664275e-01
9.998506997911277283e-01
9.998476980728771002e-01
9.998446049150998549e-01
9.998414165659496033e-01
9.998381290791731324e-01
9.998347383018951762e-01
9.998312398614878083e-01
9.998276291514854863e-01
9.998239013164020861e-01
9.998200512354188385e-01
9.998160735047734171e-01
9.998119624188017696e-01
9.998077119494783727e-01
9.998033157243007008e-01
9.997987670023863460e-01
9.997940586486501191e-01
9.997891831058000056e-01
9.997841323639811151e-01
9.997788979278968702e-01
9.997734707810461696e-01
9.997678413468988889e-01
9.997619994466185878e-01
9.997559342530274451e-01
9.997496342404309511e-01
9.997430871298238486e-01
9.997362798290342356e-01
9.997291983672439430e-01
9.997218278232680166e-01
9.997141522469078501e-01
9.997061545726196874e-01
9.996978165246039882e-01
9.996891185123366608e-01
9.996800395154392671e-01
9.996705569565828009e-01
9.996606465610624603e-01
9.996502822013285661e-01
9.996394357246770612e-01
9.996280767619396546e-01
9.996161725147505450e-01
9.996036875186252724e-01
9.995905833786196126e-01
9.995768184739236561e-01
9.995623476271022767e-01
9.995471217330964553e-01
9.995310873422935671e-01
9.995141861910388226e-01
9.994963546718437231e-01
9.994775232343753313e-01
9.994576157065845345e-01
9.994365485236373914e-01
9.994142298500290345e-01
9.993905585776580169e-01
9.993654231794019127e-01
9.993387003938760671e-01
9.993102537123884632e-01
9.992799316333056403e-01
9.992475656421424546e-01
9.992129678668816295e-01
9.991759283475828424e-01
9.991362118459973241e-01
9.990935541043589607e-01
9.990476574421711664e-01
9.989981855534334487e-01
9.989447573341818654e-01
9.988869395281726460e-01
9.988242379248629677e-01
9.987560867747362625e-01
9.986818359972282622e-01
9.986007356391504164e-01
9.985119168871892104e-01
9.984143687330919725e-01
9.983069091160831077e-01
9.981881489972257437e-01
9.980564473166188000e-01
9.979098540912081372e-01
9.977460379475845409e-01
9.975621930293117057e-01
9.973549182904561938e-01
9.971200594075450008e-01
9.968524994785744608e-01
9.965458786465970498e-01
9.961922136862264576e-01
9.957813746174500880e-01
9.953003535300957161e-01
9.947322258046249477e-01
9.940546466110649071e-01
9.932376292823955621e-01
9.922401856445436374e-01
9.910051109861195417e-01
9.894506455194701511e-01
9.874566809094181830e-01
9.848410283005643029e-01
9.813166617023786342e-01
9.764103494651267257e-01
9.692972011324187953e-01
9.584355405871740619e-01
9.406728126933801004e-01
9.087343128643852186e-01
8.426871042286717683e-01
6.712626150400613501e-01
4.684915034204169727e-19
