9.999984477963860252e-01
9.999959559860940317e-01
9.999936319577750199e-01
9.999913126539272668e-01
9.999890775801130172e-01
9.999868774779163694e-01
9.999847489588398197e-01
9.999826665331105202e-01
9.999806524346582792e-01
9.999786915222034223e-01
9.999767993101430497e-01
9.999749667036716971e-01
9.999732057999202173e-01
9.999715120295585846e-01
9.999698962114887957e-01
9.999683583153774480e-01
9.999669098330103978e-01
9.999655546185323152e-01
9.999642963338729595e-01
9.999631089218613544e-01
9.999619385853628639e-01
9.999607352058090814e-01
9.999594778906252257e-01
9.999581595595852246e-01
9.999567758621986657e-01
9.999553223760548892e-01
9.999537943284563246e-01
9.999521865310351254e-01
9.999504933364248283e-01
9.999487085883723703e-01
9.999468255657449900e-01
9.999448369191592523e-01
9.999427345991901417e-01
9.999405097747935400e-01
9.999381527404412884e-01
9.999356528101257524e-01
9.999329981960423108e-01
9.999301758694226772e-01
9.999271714004074330e-01
9.999239687732838222e-01
9.999205501726684542e-01
9.999168957352788656e-01
9.999129832608486534e-01
9.999087878742535240e-01
9.999042816292882385e-01
9.998994330422139587e-01
9.998942065405472812e-01
9.998885618089481397e-01
9.998824530097464303e-01
9.998758278497889007e-01
9.998686264580617378e-01
9.998607800288601410e-01
9.998522091728931915e-01
9.998428219021675556e-01
9.998325111526722431e-01
9.998211517196530229e-01
9.998085964406966397e-01
9.997946714081394903e-01
9.997791699179661151e-01
9.997618447594639468e-01
9.997423983044988471e-01
9.997204696485996189e-01
9.996956177573990132e-01
9.996672991349579984e-01
9.996348378808728175e-01
9.995973850210673195e-01
9.995538624866330268e-01
9.995028847441581599e-01
9.994426472795138183e-01
9.993707648948102484e-01
9.992840322542640985e-01
9.991780608438595168e-01
9.990467137266721975e-01
9.988811984231154018e-01
9.986685596142119703e-01
9.983890713069473177e-01
9.980115052396228981e-01
9.974840442223144032e-01
9.967155822915104713e-01
9.955337756452565801e-01
9.935799027959570928e-01
9.900030681242354413e-01
9.823600967824019925e-01
9.610664077556586582e-01
8.537973041114290673e-01
