9.999991145680809934e-01
9.999977066311170892e-01
9.999964147555248095e-01
9.999951481926068197e-01
9.999939520482361566e-01
9.999928013801705484e-01
9.999917172834948964e-01
9.999906898052171034e-01
9.999897333517258069e-01
9.999888466693365174e-01
9.999880412313849609e-01
9.999873083449732913e-01
9.999866112066673196e-01
9.999858911295603781e-01
9.999851172588694048e-01
9.999842782974501798e-01
9.999833663700381514e-01
9.999823727424241859e-01
9.999812873571387595e-01
9.999800985593857439e-01
9.999787927836779611e-01
9.999773541651701958e-01
9.999757640556481419e-01
9.999740004163708562e-01
9.999720370505803535e-01
9.999698426254391981e-01
9.999673794146813899e-01
9.999646016669676563e-01
9.999614534670049348e-01
9.999578659009021875e-01
9.999537532545685892e-01
9.999490078490247402e-01
9.999434929241768355e-01
9.999370326805486764e-01
9.999293981040415780e-01
9.999202864026401905e-01
9.999092905408911713e-01
9.998958530241525144e-01
9.998791938928668355e-01
9.998581950715431654e-01
9.998312080090512310e-01
9.997957204625308458e-01
9.997477509912370275e-01
9.996806838494207703e-01
9.995828651010937316e-01
9.994321913306769556e-01
9.991824811294528486e-01
9.987235545427203265e-01
9.977360231416743108e-01
9.949452961223403946e-01
9.804719237227994544e-01
