9.999976078217300834e-01
9.999937526270886723e-01
9.999901273014961678e-01
9.999864787309921121e-01
9.999829296826703295e-01
9.999794016896602633e-01
9.999759517798882946e-01
9.999725375846019171e-01
9.999691938285208970e-01
9.999658934110036146e-01
9.999626602556314081e-01
9.999594755448014682e-01
9.999563570145673097e-01
9.999532910307872280e-01
9.999502914337887738e-01
9.999473481840862599e-01
9.999444725455973737e-01
9.999416572080609411e-01
9.999389117296989538e-01
9.999362310874984061e-01
9.999336238192958470e-01
9.999310870794227979e-01
9.999286290847870795e-01
9.999262494489965514e-01
9.999239570234742525e-01
9.999217547067902334e-01
9.999196530508854819e-01
9.999176574704639053e-01
9.999157720253956105e-01
9.999139773290874889e-01
9.999122271183196187e-01
9.999104665926610291e-01
9.999086643620929138e-01
9.999068091087290888e-01
9.999048969914606788e-01
9.999029254322915339e-01
9.999008919281492380e-01
9.998987938545366161e-01
9.998966284488285394e-01
9.998943927988511726e-01
9.998920838333220651e-01
9.998896983112547376e-01
9.998872328105790075e-01
9.998846837158681389e-01
9.998820472050772290e-01
9.998793192352061210e-01
9.998764955268065746e-01
9.998735715471755992e-01
9.998705424921733309e-01
9.998674032664656153e-01
9.998641484620977016e-01
9.998607723351835563e-01
9.998572687805552528e-01
9.998536313041587187e-01
9.998498529929275014e-01
9.998459264819321568e-01
9.998418439184674211e-01
9.998375969227644156e-01
9.998331765449751662e-01
9.998285732179771346e-01
9.998237767055921932e-01
9.998187760456457296e-01
9.998135594872811227e-01
9.998081144218895489e-01
9.998024273068737422e-01
9.997964835813760720e-01
9.997902675730091504e-01
9.997837623944783036e-01
9.997769498287778500e-01
9.997698102015780686e-01
9.997623222390408237e-01
9.997544629092226520e-01
9.997462072448134451e-01
9.997375281446658768e-01
9.997283961511724826e-01
9.997187792000711282e-01
9.997086423386953857e-01
9.996979474080814887e-01
9.996866526834385924e-01
9.996747124667482165e-01
9.996620766240109646e-01
9.996486900583364532e-01
9.996344921085967838e-01
9.996194158613127545e-01
9.996033873612053533e-01
9.995863247029285192e-01
9.995681369832092322e-01
9.995487230882141860e-01
9.995279702859584114e-01
9.995057525870052473e-01
9.994819288288953052e-01
9.994563404297672760e-01
9.994288087442355639e-01
9.993991319389843309e-01
9.993670812857481378e-01
9.993323967441187783e-01
9.992947816744081058e-01
9.992538964790985689e-01
9.992093509174766464e-01
9.991606947673770112e-01
9.991074064150314848e-01
9.990488788306766121e-01
9.989844022224714237e-01
9.989131424384627422e-01
9.988341138827530052e-01
9.987461452942781870e-01
9.986478361554308458e-01
9.985375006808124843e-01
9.984130951725078695e-01
9.982721228501739708e-01
9.981115078093133475e-01
9.979274261148501912e-01
9.977150765329781956e-01
9.974683649439047839e-01
9.971794632193302643e-01
9.968381821192614511e-01
9.964310629621654369e-01
9.959400342673531137e-01
9.953403781409037032e-01
9.945975696763914575e-01
9.936622157043699666e-01
9.924616670248056494e-01
9.908855536532571451e-01
9.887596477380421467e-01
9.857959326881013951e-01
9.814905555359041411e-01
9.748970318859698780e-01
9.640651941423411531e-01
9.444403254034703377e-01
9.032725916283245171e-01
7.927805913925448644e-01
2.862447173062765415e-01
