9.999999354995462442e-01
9.999998348283464233e-01
9.999997453371185507e-01
9.999996608942444132e-01
9.999995849226772648e-01
9.999995164678336934e-01
9.999994568669166028e-01
9.999994025237819439e-01
9.999993461413269058e-01
9.999992822671870396e-01
9.999992086041513684e-01
9.999991229922498004e-01
9.999990227008884736e-01
9.999989041722834315e-01
9.999987627019651937e-01
9.999985919648921584e-01
9.999983832964889352e-01
9.999981245720805934e-01
9.999977984064777337e-01
9.999973791579911397e-01
9.999968277357196289e-01
9.999960821568720792e-01
9.999950393607899279e-01
9.999935176422000138e-01
9.999911719486505035e-01
9.999872800624474145e-01
9.999801141228475965e-01
9.999646417570822177e-01
9.999205954534791108e-01
9.996875549883469381e-01
