9.999982803262387199e-01
9.999955163021342353e-01
9.999929325958329951e-01
9.999903480942259337e-01
9.999878509798526549e-01
9.999853860821227292e-01
9.999829940855856636e-01
9.999806460234189620e-01
9.999783665781097897e-01
9.999761380554156309e-01
9.999739775304222755e-01
9.999718736801098684e-01
9.999698394530509571e-01
9.999678679109309520e-01
9.999659698341287761e-01
9.999641420307486817e-01
9.999623947286774284e-01
9.999607288985465914e-01
9.999591558315624740e-01
9.999576797313602938e-01
9.999563030373821437e-01
9.999549983801343522e-01
9.999537117467397485e-01
9.999523935004449582e-01
9.999510225986016909e-01
9.999495920581328301e-01
9.999480979548684978e-01
9.999465364288180336e-01
9.999449033617083815e-01
9.999431943155877578e-01
9.999414045033215848e-01
9.999395287547003797e-01
9.999375614791102818e-01
9.999354966238364062e-01
9.999333276274524618e-01
9.999310473676461530e-01
9.999286481026821161e-01
9.999261214056341940e-01
9.999234580902830460e-01
9.999206481275416669e-01
9.999176805509047972e-01
9.999145433493449309e-01
9.999112233455788035e-01
9.999077060575237708e-01
9.999039755401384344e-01
9.999000142044499606e-01
9.998958026098913043e-01
9.998913192254034188e-01
9.998865401537954112e-01
9.998814388127282848e-01
9.998759855643967187e-01
9.998701472842216331e-01
9.998638868568116012e-01
9.998571625848386990e-01
9.998499274931876846e-01
9.998421285066262376e-01
9.998337054740475960e-01
9.998245900056661473e-01
9.998147040810166919e-01
9.998039583746922698e-01
9.997922502324461114e-01
9.997794612116335244e-01
9.997654540755079866e-01
9.997500690981984128e-01
9.997331194936787124e-01
9.997143857230837982e-01
9.996936083545195917e-01
9.996704790389387973e-01
9.996446290120248879e-01
9.996156143154972806e-01
9.995828966232148671e-01
9.995458181124584618e-01
9.995035681696429197e-01
9.994551387519450270e-01
9.993992637637929555e-01
9.993343355573296449e-01
9.992582881359232116e-01
9.991684309804951258e-01
9.990612081278602563e-01
9.989318414713851402e-01
9.987737900769391164e-01
9.985779085618087247e-01
9.983310968435330501e-01
9.980140573408771143e-01
9.975974163606727840e-01
9.970346907953324678e-01
9.962487909327022439e-01
9.951042701209866781e-01
9.933451516571115691e-01
9.904393743635102609e-01
9.851275225590798712e-01
9.738057006729885501e-01
9.424184405454231195e-01
7.856980303632230545e-01
