9.999975526127331538e-01
9.999936083930913711e-01
9.999898989424037543e-01
9.999861653095936109e-01
9.999825330765571563e-01
9.999789219499570780e-01
9.999753902720183163e-01
9.999718946718295642e-01
9.999684706780361809e-01
9.999650905333491435e-01
9.999617787166799054e-01
9.999585159379653643e-01
9.999553203441168270e-01
9.999521779398078403e-01
9.999491028821086980e-01
9.999460848420929082e-01
9.999431353329769623e-01
9.999402468015504697e-01
9.999374290013592903e-01
9.999346766926739960e-01
9.999319985575065850e-01
9.999293915367419849e-01
9.999268639289702332e-01
9.999244151011514870e-01
9.999220538919803003e-01
9.999197828823110923e-01
9.999176126041601220e-01
9.999155487010475962e-01
9.999135975708030033e-01
9.999117452786241422e-01
9.999099507801041398e-01
9.999081566501153429e-01
9.999063251094187921e-01
9.999044412968552953e-01
9.999025004916541892e-01
9.999004999858326359e-01
9.998984372784909258e-01
9.998963097603648098e-01
9.998941146878953523e-01
9.998918491705302003e-01
9.998895101615280501e-01
9.998870944476284661e-01
9.998845986380234807e-01
9.998820191524537826e-01
9.998793522083678775e-01
9.998765938070456327e-01
9.998737397186032716e-01
9.998707854657673533e-01
9.998677263063210363e-01
9.998645572140516524e-01
9.998612728580956732e-01
9.998578675805265270e-01
9.998543353719538951e-01
9.998506698450176922e-01
9.998468642054814115e-01
9.998429112207499747e-01
9.998388031854642533e-01
9.998345318839599871e-01
9.998300885491496759e-01
9.998254638175045894e-01
9.998206476797183440e-01
9.998156294264969324e-01
9.998103975889973682e-01
9.998049398732574700e-01
9.997992430879164560e-01
9.997932930644720662e-01
9.997870745691020966e-01
9.997805712051009985e-01
9.997737653047054085e-01
9.997666378090138695e-01
9.997591681344537573e-01
9.997513340240397062e-01
9.997431113814567727e-01
9.997344740855969025e-01
9.997253937829307935e-01
9.997158396545999803e-01
9.997057781546708766e-01
9.996951727153662315e-01
9.996839834144830572e-01
9.996721665992853723e-01
9.996596744602703755e-01
9.996464545470424845e-01
9.996324492170902687e-01
9.996175950066668037e-01
9.996018219109096270e-01
9.995850525579265122e-01
9.995672012586352961e-01
9.995481729105036850e-01
9.995278617289692358e-01
9.995061497748642942e-01
9.994829052394647029e-01
9.994579804405426815e-01
9.994312094723177831e-01
9.994024054393670919e-01
9.993713571880713520e-01
9.993378254286083839e-01
9.993015381140524234e-01
9.992621849094256437e-01
9.992194105399840875e-01
9.991728067515726064e-01
9.991219025419404431e-01
9.990661522248305282e-01
9.990049207594194902e-01
9.989374656052739665e-01
9.988629141297195035e-01
9.987802352771375514e-01
9.986882037727704553e-01
9.985853545258492892e-01
9.984699240422983957e-01
9.983397744404520768e-01
9.981922939081350199e-01
9.980242648723091081e-01
9.978316873401088527e-01
9.976095391146395652e-01
9.973514457435608271e-01
9.970492191965198980e-01
9.966922020746641353e-01
9.962663177777878465e-01
9.957526658519342266e-01
9.951253957380911119e-01
9.943484024816942046e-01
9.933700359295429827e-01
9.921143336479422148e-01
9.904659044217305475e-01
9.882426189381599002e-01
9.851434529544160768e-01
9.806419265491821413e-01
9.737493888824906296e-01
9.624298116644016687e-01
9.419316508257705722e-01
8.989716787856542046e-01
7.838996380045626378e-01
2.603404598821477678e-01
