9.999995946987279005e-01
9.999989620286142689e-01
9.999983996190436875e-01
9.999978689273540944e-01
9.999973914732052105e-01
9.999969612528482044e-01
9.999965866759253919e-01
9.999962451505051142e-01
9.999958908236186161e-01
9.999954894226212865e-01
9.999950265094859070e-01
9.999944885118794424e-01
9.999938582726102254e-01
9.999931134374927533e-01
9.999922244482747358e-01
9.999911515659184458e-01
9.999898403544931202e-01
9.999882146431257057e-01
9.999861652186468053e-01
9.999835310115242626e-01
9.999800664906590697e-01
9.999753823815268339e-01
9.999688315152504003e-01
9.999592730872240987e-01
9.999445413106667901e-01
9.999201047809669340e-01
9.998751288682806715e-01
9.997780901915571672e-01
9.995022892380521773e-01
9.980500013709443508e-01
