9.999979998719192853e-01
9.999947799384945046e-01
9.999917604040361452e-01
9.999887299750419567e-01
9.999857913327269143e-01
9.999828794462504167e-01
9.999800418539978031e-01
9.999772438360405857e-01
9.999745142663805098e-01
9.999718313208699749e-01
9.999692148832881600e-01
9.999666502169801685e-01
9.999641521267714772e-01
9.999617104367166665e-01
9.999593368705996799e-01
9.999570246062549073e-01
9.999547835407427421e-01
9.999526097214644915e-01
9.999505122594833928e-01
9.999484902051634094e-01
9.999465531163371779e-01
9.999447038566895429e-01
9.999429533463557451e-01
9.999413052120971201e-01
9.999397551695206054e-01
9.999382667325857899e-01
9.999367844736150035e-01
9.999352663851185374e-01
9.999336962527564099e-01
9.999320686398943669e-01
9.999303803863713869e-01
9.999286284094405231e-01
9.999268094613200653e-01
9.999249200844566587e-01
9.999229565956102572e-01
9.999209150675439917e-01
9.999187913094178537e-01
9.999165808452514792e-01
9.999142788903515600e-01
9.999118803253739252e-01
9.999093796678517609e-01
9.999067710408610088e-01
9.999040481384428025e-01
9.999012041874796308e-01
9.998982319055359502e-01
9.998951234542080568e-01
9.998918703873989067e-01
9.998884635938997123e-01
9.998848932335383521e-01
9.998811486660587056e-01
9.998772183717680173e-01
9.998730898628677144e-01
9.998687495841449557e-01
9.998641828016094912e-01
9.998593734773039143e-01
9.998543041283552979e-01
9.998489556678917811e-01
9.998433072251886600e-01
9.998373359418012418e-01
9.998310167400110693e-01
9.998243220591941371e-01
9.998172215548835062e-01
9.998096817544338544e-01
9.998016656619588272e-01
9.997931323038026230e-01
9.997840362040911755e-01
9.997743267778674836e-01
9.997639476265532954e-01
9.997528357174588765e-01
9.997409204249222414e-01
9.997281224058368609e-01
9.997143522760068013e-01
9.996995090459591671e-01
9.996834782649783868e-01
9.996661298094503545e-01
9.996473152354201641e-01
9.996268645944221820e-01
9.996045825845552013e-01
9.995802438733445427e-01
9.995535873823163664e-01
9.995243092613066427e-01
9.994920541977301287e-01
9.994564045941091157e-01
9.994168669948333417e-01
9.993728549332823174e-01
9.993236670785214937e-01
9.992684591502501990e-01
9.992062074856238318e-01
9.991356612977695395e-01
9.990552794306279960e-01
9.989631455795724424e-01
9.988568531752145541e-01
9.987333468643723178e-01
9.985887008358340644e-01
9.984178035242265992e-01
9.982139006450115870e-01
9.979679189013599405e-01
9.976674413453353596e-01
9.972951133364025278e-01
9.968260868764674543e-01
9.962237790817550787e-01
9.954325444898414199e-01
9.943644042813334361e-01
9.928736206354494831e-01
9.907045329376532594e-01
9.873750232603467625e-01
9.818861177019337916e-01
9.718844157451288490e-01
9.506872032955767660e-01
8.925772249863517249e-01
6.088537070070637602e-01
