9.999986151328698059e-01
9.999963954844849345e-01
9.999943311021265435e-01
9.999922770236593372e-01
9.999903040778846952e-01
9.999883689847823831e-01
9.999865043112753371e-01
9.999846881549723232e-01
9.999829403800952754e-01
9.999812486008448076e-01
9.999796269660151671e-01
9.999780690261496074e-01
9.999765865158670719e-01
9.999751781543503304e-01
9.999738557494810554e-01
9.999726226266413276e-01
9.999714836668831541e-01
9.999704140785379280e-01
9.999693602473505027e-01
9.999682716072146871e-01
9.999671274851811287e-01
9.999659206188515892e-01
9.999646460727721342e-01
9.999632986697268855e-01
9.999618727498996718e-01
9.999603620923669389e-01
9.999587598478598682e-01
9.999570584608664658e-01
9.999552495804345797e-01
9.999533239575063570e-01
9.999512713264984143e-01
9.999490802682375890e-01
9.999467380508221259e-01
9.999442304443030283e-01
9.999415415041061905e-01
9.999386533170016023e-01
9.999355457020925320e-01
9.999321958574246549e-01
9.999285779406577035e-01
9.999246625693229973e-01
9.999204162225741044e-01
9.999158005216031153e-01
9.999107713597190639e-01
9.999052778451456014e-01
9.998992610090063904e-01
9.998926522168901654e-01
9.998853712037584218e-01
9.998773236264426600e-01
9.998683979936335842e-01
9.998584617855209578e-01
9.998473565092000914e-01
9.998348913427267393e-01
9.998208348880149865e-01
9.998049043611987319e-01
9.997867512684951441e-01
9.997659421987206141e-01
9.997419327332033312e-01
9.997140315038922642e-01
9.996813499081981247e-01
9.996427305473768454e-01
9.995966434454545135e-01
9.995410323435999222e-01
9.994730816219283831e-01
9.993888533239579930e-01
9.992827044921803736e-01
9.991463186898089655e-01
9.989670297448648428e-01
9.987247789056052927e-01
9.983862676486237042e-01
9.978929146588367827e-01
9.971338102378795032e-01
9.958778262548516613e-01
9.935757192696456075e-01
9.886457554892896793e-01
9.748504994729594308e-01
9.047966950321744140e-01
