9.999990034348327228e-01
9.999974146398927788e-01
9.999959503641150382e-01
9.999945076942552413e-01
9.999931374169305220e-01
9.999918103054513674e-01
9.999905498442039908e-01
9.999893429677875201e-01
9.999882048076783603e-01
9.999871307514629493e-01
9.999861336104169940e-01
9.999852149418375635e-01
9.999843789982084674e-01
9.999835963187918564e-01
9.999828113917059724e-01
9.999819813031325388e-01
9.999810909661759339e-01
9.999801330296318458e-01
9.999791004215118351e-01
9.999779851706448452e-01
9.999767782179989073e-01
9.999754692281673796e-01
9.999740463676938251e-01
9.999724960367444293e-01
9.999708025430151803e-01
9.999689477032126517e-01
9.999669103530681724e-01
9.999646657411367379e-01
9.999621847737564240e-01
9.999594330678884813e-01
9.999563697538857987e-01
9.999529459498062156e-01
9.999491028000877524e-01
9.999447689304241660e-01
9.999398571115160061e-01
9.999342598376554925e-01
9.999278433972536018e-01
9.999204398176002595e-01
9.999118357662190038e-01
9.999017570204280503e-01
9.998898463613012932e-01
9.998756315074260881e-01
9.998584776102601435e-01
9.998375151957833440e-01
9.998115279052844917e-01
9.997787722113747888e-01
9.997366775952668538e-01
9.996813272619159418e-01
9.996065147102690673e-01
9.995019288727196027e-01
9.993494109242307966e-01
9.991145320530264717e-01
9.987253956748782802e-01
9.980106052177997178e-01
9.964739709560531677e-01
9.921401989268721078e-01
9.697709895383651579e-01
