9.999981675484771459e-01
9.999952197405199694e-01
9.999924596971950796e-01
9.999896941018129315e-01
9.999870169872911996e-01
9.999843691382744870e-01
9.999817940123110205e-01
9.999792602334997005e-01
9.999767941742905286e-01
9.999743763584000300e-01
9.999720249710299935e-01
9.999697271505533225e-01
9.999674965253809722e-01
9.999653246043583854e-01
9.999632223784107321e-01
9.999611847655895946e-01
9.999592214601462636e-01
9.999573306618737556e-01
9.999555221415056261e-01
9.999537980695965000e-01
9.999521694733742860e-01
9.999506400505248083e-01
9.999492069484973156e-01
9.999478349132845389e-01
9.999464685106735917e-01
9.999450653729820004e-01
9.999436093766693734e-01
9.999420950100395000e-01
9.999405188400236622e-01
9.999388774313611172e-01
9.999371671337281553e-01
9.999353840374679558e-01
9.999335239518640783e-01
9.999315823802323866e-01
9.999295544927474522e-01
9.999274350963920366e-01
9.999252186016772681e-01
9.999228989857562588e-01
9.999204697514805229e-01
9.999179238818567406e-01
9.999152537893427617e-01
9.999124512592350023e-01
9.999095073864491257e-01
9.999064125046916995e-01
9.999031561070340635e-01
9.998997267566381852e-01
9.998961119862259661e-01
9.998922981846316560e-01
9.998882704685284617e-01
9.998840125370247467e-01
9.998795065065336773e-01
9.998747327227168746e-01
9.998696695458932915e-01
9.998642931054112504e-01
9.998585770179025944e-01
9.998524920630742496e-01
9.998460058096648728e-01
9.998390821825645647e-01
9.998316809603142730e-01
9.998237571898451748e-01
9.998152605025411033e-01
9.998061343121459332e-01
9.997963148705703018e-01
9.997857301521143603e-01
9.997742985295189344e-01
9.997619271962415732e-01
9.997485102778292942e-01
9.997339265603172320e-01
9.997180367443293525e-01
9.997006801082056748e-01
9.996816704302320389e-01
9.996607909758485899e-01
9.996377882966250850e-01
9.996123645078456299e-01
9.995841676028196510e-01
9.995527792121207122e-01
9.995176990076303225e-01
9.994783246578395897e-01
9.994339258231359491e-01
9.993836100768774822e-01
9.993262777555226295e-01
9.992605614296925509e-01
9.991847437065370929e-01
9.990966440260110604e-01
9.989934603323389339e-01
9.988715438383627410e-01
9.987260725221800417e-01
9.985505678007020602e-01
9.983361620507570366e-01
9.980704587131820071e-01
9.977357040266212618e-01
9.973057512866012608e-01
9.967408131922134151e-01
9.959779510895879762e-01
9.949128359590649895e-01
9.933622824834967835e-01
9.909804099253930465e-01
9.870492323298122317e-01
9.798726304526503839e-01
9.646126966648369550e-01
9.225058660504423802e-01
7.140959511981753716e-01
