9.999980557851888552e-01
9.999949265692579248e-01
9.999919935411331062e-01
9.999890513961758876e-01
9.999861999349135555e-01
9.999833760609584399e-01
9.999806259527364016e-01
9.999779159998896105e-01
9.999752742412779671e-01
9.999726796281427355e-01
9.999701514742473929e-01
9.999676756566474589e-01
9.999652665793681283e-01
9.999629146085672327e-01
9.999606312046793732e-01
9.999584100882497051e-01
9.999562610453467393e-01
9.999541807623592016e-01
9.999521784742493313e-01
9.999502541379005072e-01
9.999484178194555373e-01
9.999466735157197528e-01
9.999450314444223720e-01
9.999434894954108977e-01
9.999420254619296733e-01
9.999405856797485281e-01
9.999391208301995349e-01
9.999376070360439517e-01
9.999360368546673650e-01
9.999344067035372818e-01
9.999327134385979088e-01
9.999309537537032222e-01
9.999291241294502308e-01
9.999272208098767267e-01
9.999252397835478590e-01
9.999231767623374401e-01
9.999210271582008591e-01
9.999187860576593812e-01
9.999164481936950732e-01
9.999140079147983418e-01
9.999114591507505256e-01
9.999087953748937441e-01
9.999060095622800404e-01
9.999030941433281194e-01
9.999000409523625121e-01
9.998968411703794690e-01
9.998934852613224900e-01
9.998899629009427859e-01
9.998862628973337330e-01
9.998823731019407246e-01
9.998782803097269190e-01
9.998739701469947505e-01
9.998694269450276728e-01
9.998646335975549526e-01
9.998595713995120926e-01
9.998542198643400880e-01
9.998485565164589861e-01
9.998425566549523635e-01
9.998361930838780554e-01
9.998294358036237117e-01
9.998222516568303631e-01
9.998146039209933056e-01
9.998064518384163213e-01
9.997977500722694533e-01
9.997884480751165759e-01
9.997784893535003325e-01
9.997678106085216010e-01
9.997563407279392855e-01
9.997439995997651208e-01
9.997306967102407294e-01
9.997163294802798861e-01
9.997007812830520646e-01
9.996839190709738698e-01
9.996655905215410254e-01
9.996456205872898959e-01
9.996238073033232308e-01
9.995999166640804345e-01
9.995736763255437252e-01
9.995447678147455495e-01
9.995128168282795267e-01
9.994773810647215040e-01
9.994379348478231728e-01
9.993938495356312623e-01
9.993443683423938184e-01
9.992885736756454973e-01
9.992253443339859098e-01
9.991532988034185214e-01
9.990707192440543283e-01
9.989754482726972418e-01
9.988647468223477155e-01
9.987350953615287130e-01
9.985819111436273765e-01
9.983991383822354848e-01
9.981786416749377500e-01
9.979092869033918678e-01
9.975755112170179295e-01
9.971550300292698621e-01
9.966150307823277155e-01
9.959055959134973657e-01
9.949477884702471187e-01
9.936108176251421398e-01
9.916651705929756533e-01
9.886778474186486143e-01
9.837510773786571905e-01
9.747678248243479837e-01
9.557070793460258340e-01
9.033339766842761742e-01
6.463263556827679723e-01
