9.999974955734041160e-01
9.999934588010001013e-01
9.999896603147765406e-01
9.999858350873852553e-01
9.999821115934360849e-01
9.999784075600239852e-01
9.999747827113736331e-01
9.999711925267168455e-01
9.999676733969520281e-01
9.999641967526173847e-01
9.999607876761544833e-01
9.999574262341173192e-01
9.999541310193297283e-01
9.999508874809843739e-01
9.999477101088098951e-01
9.999445880555908328e-01
9.999415330697508653e-01
9.999385370736870726e-01
9.999356099521344854e-01
9.999327458825492121e-01
9.999299535379129189e-01
9.999272291327757634e-01
9.999245807237895356e-01
9.999220066423030184e-01
9.999195150484010419e-01
9.999171068973451426e-01
9.999147915189068314e-01
9.999125733946599981e-01
9.999104631309563285e-01
9.999084635604498228e-01
9.999065659888144442e-01
9.999047303039947376e-01
9.999029012264430971e-01
9.999010381269998193e-01
9.998991248139524890e-01
9.998971559769042061e-01
9.998951289897409778e-01
9.998930414853305360e-01
9.998908910288946128e-01
9.998886750630485709e-01
9.998863908998785188e-01
9.998840357121059341e-01
9.998816065244213735e-01
9.998791002040806619e-01
9.998765134507890950e-01
9.998738427858486766e-01
9.998710845404421566e-01
9.998682348430361078e-01
9.998652896057959039e-01
9.998622445099130118e-01
9.998590949897642188e-01
9.998558362158000978e-01
9.998524630760151632e-01
9.998489701558943565e-01
9.998453517166766558e-01
9.998416016717736055e-01
9.998377135611585809e-01
9.998336805235341629e-01
9.998294952660506940e-01
9.998251500313212192e-01
9.998206365614507041e-01
9.998159460587919822e-01
9.998110691430458496e-01
9.998059958043330475e-01
9.998007153518203571e-01
9.997952163573438078e-01
9.997894865935603725e-01
9.997835129659246034e-01
9.997772814378330652e-01
9.997707769481051221e-01
9.997639833199325476e-01
9.997568831602283712e-01
9.997494577482103351e-01
9.997416869119307714e-01
9.997335488911637258e-01
9.997250201849571249e-01
9.997160753818337131e-01
9.997066869703566949e-01
9.996968251273954387e-01
9.996864574810960802e-01
9.996755488449702298e-01
9.996640609190868831e-01
9.996519519535563836e-01
9.996391763688392551e-01
9.996256843263788827e-01
9.996114212420036393e-01
9.995963272332565319e-01
9.995803364901161281e-01
9.995633765568052720e-01
9.995453675099911228e-01
9.995262210159449046e-01
9.995058392458873175e-01
9.994841136245564694e-01
9.994609233820704874e-01
9.994361338729574884e-01
9.994095946185402868e-01
9.993811370194126686e-01
9.993505716729312871e-01
9.993176852158063284e-01
9.992822365932574336e-01
9.992439526325209709e-01
9.992025227685590316e-01
9.991575927310932803e-01
9.991087569526300172e-01
9.990555493925084019e-01
9.989974323878740847e-01
9.989337830314670708e-01
9.988638764289856642e-01
9.987868649918179020e-01
9.987017526550883151e-01
9.986073625488620653e-01
9.985022961519729456e-01
9.983848812650556459e-01
9.982531051646684750e-01
9.981045279131663950e-01
9.979361687979675377e-01
9.977443559476376622e-01
9.975245248268189702e-01
9.972709447533102400e-01
9.969763425020717884e-01
9.966313762699060552e-01
9.962238879986531348e-01
9.957378206342910598e-01
9.951516172334936572e-01
9.944357982117240091e-01
9.935491973051173709e-01
9.924329366126246610e-01
9.910004470256834619e-01
9.891202697654033482e-01
9.865850055891317583e-01
9.830520610618560529e-01
9.779227203017988312e-01
9.700739146401028412e-01
9.571965163095440543e-01
9.339151932818744450e-01
8.852676229302182120e-01
7.558160856911434466e-01
1.823949681064530037e-01
