9.999994471699122922e-01
9.999985805376644388e-01
9.999978044573040181e-01
9.999970652426695139e-01
9.999963917496400567e-01
9.999957738323257406e-01
9.999952265872036339e-01
9.999947415468745104e-01
9.999942841303445240e-01
9.999937943843664190e-01
9.999932423348351085e-01
9.999926133098619996e-01
9.999918922092885243e-01
9.999910601425364698e-01
9.999900931209387833e-01
9.999889603058894627e-01
9.999876215210092845e-01
9.999860236424622517e-01
9.999840952502079272e-01
9.999817385126134051e-01
9.999788165397666129e-01
9.999751330660733295e-01
9.999703986465068306e-01
9.999641720778826848e-01
9.999557539018565366e-01
9.999439813608330674e-01
9.999268050078345960e-01
9.999003345998810355e-01
9.998564324743247633e-01
9.997756479842832000e-01
9.996014221150831824e-01
9.991066897993475804e-01
9.965082692537331477e-01
