9.999974394069170991e-01
9.999933118335034843e-01
9.999894267542568382e-01
9.999855131914873185e-01
9.999817024674949595e-01
9.999779104118078354e-01
9.999741980935960006e-01
9.999705199211768036e-01
9.999669131167945313e-01
9.999633483819857505e-01
9.999598513781418063e-01
9.999564016202878713e-01
9.999530181307019205e-01
9.999496859085095224e-01
9.999464197715290936e-01
9.999432084803157039e-01
9.999400640329207945e-01
9.999369779858702234e-01
9.999339604020356376e-01
9.999310050888542412e-01
9.999281208171225677e-01
9.999253033861164042e-01
9.999225608362274365e-01
9.999198909659441359e-01
9.999173017215969850e-01
9.999147932696637042e-01
9.999123743898115091e-01
9.999100484867340377e-01
9.999078261157655634e-01
9.999057127814078294e-01
9.999037115973586909e-01
9.999018017365930433e-01
9.998999360411604531e-01
9.998980601801338297e-01
9.998961430967080455e-01
9.998941734927769831e-01
9.998921475954034577e-01
9.998900629832224718e-01
9.998879173483375959e-01
9.998857082830590048e-01
9.998834332625742283e-01
9.998810896349706878e-01
9.998786746137652282e-01
9.998761852695511321e-01
9.998736185211323235e-01
9.998709711259707866e-01
9.998682396699470898e-01
9.998654205563657360e-01
9.998625099940787742e-01
9.998595039847665289e-01
9.998563983091812712e-01
9.998531885123521645e-01
9.998498698875850632e-01
9.998464374592125337e-01
9.998428859639399979e-01
9.998392098306537745e-01
9.998354031585614532e-01
9.998314596935135024e-01
9.998273728022927243e-01
9.998231354447161268e-01
9.998187401432947485e-01
9.998141789502406063e-01
9.998094434115067930e-01
9.998045245276110382e-01
9.997994127108422724e-01
9.997940977385295636e-01
9.997885687018880363e-01
9.997828139500395395e-01
9.997768210285804535e-01
9.997705766121725013e-01
9.997640664304057179e-01
9.997572751862440210e-01
9.997501864660909288e-01
9.997427826405621554e-01
9.997350447547977970e-01
9.997269524070657720e-01
9.997184836141799202e-01
9.997096146621108348e-01
9.997003199398398765e-01
9.996905717543282943e-01
9.996803401240732523e-01
9.996695925483970457e-01
9.996582937491218512e-01
9.996464053808309380e-01
9.996338857052098348e-01
9.996206892243773012e-01
9.996067662671138665e-01
9.995920625209652188e-01
9.995765185020236698e-01
9.995600689526601412e-01
9.995426421558134544e-01
9.995241591523856828e-01
9.995045328457325962e-01
9.994836669743041302e-01
9.994614549296827466e-01
9.994377783929986325e-01
9.994125057569345216e-01
9.993854902940817464e-01
9.993565680238400972e-01
9.993255552198938574e-01
9.992922454872940063e-01
9.992564063221546222e-01
9.992177750465435215e-01
9.991760539854745993e-01
9.991309047202164839e-01
9.990819412100250263e-01
9.990287215204107785e-01
9.989707378258019244e-01
9.989074042627038574e-01
9.988380420886193711e-01
9.987618614417310692e-01
9.986779387817998899e-01
9.985851888032050150e-01
9.984823292169614506e-01
9.983678362552669272e-01
9.982398879984398787e-01
9.980962915622341169e-01
9.979343886734489688e-01
9.977509319834046986e-01
9.975419212833458449e-01
9.973023840562921238e-01
9.970260776616245435e-01
9.967050794815316417e-01
9.963292141770307975e-01
9.958852397046987770e-01
9.953556686939624143e-01
9.947170260286338772e-01
9.939372123475991305e-01
9.929714087294007063e-01
9.917555230303145564e-01
9.901953377512668908e-01
9.881478146267362872e-01
9.853873567391105981e-01
9.815414655069713001e-01
9.759595302663355287e-01
9.674221089791692485e-01
9.534248674586311978e-01
9.281488550969562157e-01
8.754491127643740933e-01
7.359118959672666938e-01
1.313049173071115794e-01
