9.999999795905921696e-01
9.999999477372270018e-01
9.999999194213203824e-01
9.999998927028939111e-01
9.999998686648826629e-01
9.999998470053125255e-01
9.999998281472032291e-01
9.999998109525756185e-01
9.999997931124651185e-01
9.999997729018026416e-01
9.999997495937434921e-01
9.999997225048197214e-01
9.999996907710010374e-01
9.999996532664962023e-01
9.999996085026617854e-01
9.999995544780383439e-01
9.999994884508179860e-01
9.999994065842457980e-01
9.999993033768274087e-01
9.999991707141698827e-01
9.999989962255347864e-01
9.999987602952024046e-01
9.999984303062110502e-01
9.999979487487996588e-01
9.999972064055436816e-01
9.999959746517844694e-01
9.999937064222608196e-01
9.999888079191698864e-01
9.999748563840381577e-01
9.999009356174742846e-01
