9.999991720649437088e-01
9.999978591603500000e-01
9.999966600739685907e-01
9.999954906797940968e-01
9.999943931946382314e-01
9.999933454599173599e-01
9.999923676218530622e-01
9.999914524252206949e-01
9.999906145871676477e-01
9.999898541173816158e-01
9.999891677865239137e-01
9.999885083383571738e-01
9.999878181683863332e-01
9.999870678408783187e-01
9.999862462555062503e-01
9.999853438251189441e-01
9.999843495844158436e-01
9.999832506442581925e-01
9.999820317726175745e-01
9.999806748635070575e-01
9.999791582609650620e-01
9.999774558899537924e-01
9.999755361285134203e-01
9.999733603292905171e-01
9.999708808600775711e-01
9.999680384758955487e-01
9.999647587487608957e-01
9.999609471482355794e-01
9.999564821571192974e-01
9.999512054715301579e-01
9.999449077841626732e-01
9.999373077205400140e-01
9.999280198839980427e-01
9.999165050656246834e-01
9.999019902687978911e-01
9.998833356759974089e-01
9.998588041761427014e-01
9.998256425018192672e-01
9.997792751169234382e-01
9.997116406353759865e-01
9.996074458241993588e-01
9.994347270043737463e-01
9.991171843468490410e-01
9.984334425536182112e-01
9.964985530974188599e-01
9.864292494820865453e-01
