9.999999980557092716e-01
9.999999950213316335e-01
9.999999923239344390e-01
9.999999897787241743e-01
9.999999874888585438e-01
9.999999854255676723e-01
9.999999836291461053e-01
9.999999819911785659e-01
9.999999802917026726e-01
9.999999783663983122e-01
9.999999761460224290e-01
9.999999735654687694e-01
9.999999705424253982e-01
9.999999669696399973e-01
9.999999627052952311e-01
9.999999575587175116e-01
9.999999512686993386e-01
9.999999434697158796e-01
9.999999336376335091e-01
9.999999209993759575e-01
9.999999043763282414e-01
9.999998818995604610e-01
9.999998504613185624e-01
9.999998045817839465e-01
9.999997338534791780e-01
9.999996164883006022e-01
9.999994003424554911e-01
9.999989334617974679e-01
9.999976031657789033e-01
9.999905455972830648e-01
