9.999992832736167570e-01
9.999981515895581818e-01
9.999971255336523868e-01
9.999961333706843813e-01
9.999952118203800921e-01
9.999943436019413934e-01
9.999935471263059483e-01
9.999928193291465206e-01
9.999921708900733064e-01
9.999915807893159370e-01
9.999909950179378670e-01
9.999903614401598473e-01
9.999896599825569554e-01
9.999888791086118944e-01
9.999880063329115165e-01
9.999870266464840896e-01
9.999859218499221880e-01
9.999846697000760454e-01
9.999832427822896719e-01
9.999816069977022215e-01
9.999797195080483148e-01
9.999775259037401165e-01
9.999749562407036496e-01
9.999719193985528998e-01
9.999682948956083450e-01
9.999639207613101322e-01
9.999585751367519038e-01
9.999519476038973842e-01
9.999435931290189261e-01
9.999328554430213511e-01
9.999187342848492310e-01
9.998996440893715976e-01
9.998729494788736183e-01
9.998340063893370600e-01
9.997740021051767512e-01
9.996745100335473477e-01
9.994915165095002996e-01
9.990971838038662511e-01
9.979794271372465220e-01
9.921373252744138949e-01
