9.999999688933298714e-01
9.999999203439429163e-01
9.999998771861773328e-01
9.999998364631568215e-01
9.999997998254910314e-01
9.999997668129023687e-01
9.999997380701650673e-01
9.999997118628914938e-01
9.999996846719081400e-01
9.999996538678892488e-01
9.999996183430062135e-01
9.999995770555721863e-01
9.999995286886822488e-01
9.999994715265000389e-01
9.999994033001484706e-01
9.999993209591682142e-01
9.999992203247464184e-01
9.999990955492545908e-01
9.999989382478777777e-01
9.999987360535490533e-01
9.999984701122928143e-01
9.999981105284806437e-01
9.999976075923522334e-01
9.999968736578014328e-01
9.999957422789144124e-01
9.999938650463721102e-01
9.999904083115158659e-01
9.999829435755042129e-01
9.999616861396799505e-01
9.998491047875580628e-01
