9.999986708844368355e-01
9.999965419446171788e-01
9.999945641044140077e-01
9.999925984437888493e-01
9.999907129016739615e-01
9.999888662101588110e-01
9.999870895992771791e-01
9.999853623976709960e-01
9.999837037097464298e-01
9.999821021391620546e-01
9.999805714572730375e-01
9.999791062563299082e-01
9.999777183459157559e-01
9.999764078417379132e-01
9.999751867511097458e-01
9.999740567475493558e-01
9.999730089269104338e-01
9.999719955460905085e-01
9.999709606140273488e-01
9.999698738793059150e-01
9.999687256807603397e-01
9.999675106000710523e-01
9.999662233130290900e-01
9.999648579804117920e-01
9.999634081639338090e-01
9.999618667472451872e-01
9.999602258486899320e-01
9.999584767203547608e-01
9.999566096312584307e-01
9.999546137317560923e-01
9.999524768955907472e-01
9.999501855353428725e-01
9.999477243859347109e-01
9.999450762498106604e-01
9.999422216957900567e-01
9.999391387016935973e-01
9.999358022284650094e-01
9.999321837103364308e-01
9.999282504415653028e-01
9.999239648350789489e-01
9.999192835214810726e-01
9.999141562479514356e-01
9.999085245244945241e-01
9.999023199491902103e-01
9.998954621222823080e-01
9.998878560296889928e-01
9.998793887358535804e-01
9.998699251695155610e-01
9.998593027065223460e-01
9.998473241407055401e-01
9.998337484705054345e-01
9.998182786898819341e-01
9.998005454165694861e-01
9.997800846533235752e-01
9.997563071509093513e-01
9.997284555434192699e-01
9.996955433448111439e-01
9.996562664760151318e-01
9.996088722254290460e-01
9.995509605304939704e-01
9.994791744907469688e-01
9.993887035265448526e-01
9.992724574731648435e-01
9.991196369227343110e-01
9.989131376362149206e-01
9.986245618674126634e-01
9.982039410253163991e-01
9.975566476804041960e-01
9.964854129801888893e-01
9.945211949283124797e-01
9.903120004447072411e-01
9.785177875579958995e-01
9.184709465284970342e-01
