9.999988937628190300e-01
9.999971275902713730e-01
9.999954958892132151e-01
9.999938839759804354e-01
9.999923482635121319e-01
9.999908556779523172e-01
9.999894322141671399e-01
9.999880624255468309e-01
9.999867626878468085e-01
9.999855262507919562e-01
9.999843662048354398e-01
9.999832826870675984e-01
9.999822874140584794e-01
9.999813750773648424e-01
9.999805151538202486e-01
9.999796468393804538e-01
9.999787305843019780e-01
9.999777521196171470e-01
9.999767046254343095e-01
9.999755813783627323e-01
9.999743748949869726e-01
9.999730767436646461e-01
9.999716773978765127e-01
9.999701660606887810e-01
9.999685304559416954e-01
9.999667565782386358e-01
9.999648283922188963e-01
9.999627274690079393e-01
9.999604325443673947e-01
9.999579189786985678e-01
9.999551580931397288e-01
9.999521163481892572e-01
9.999487543206687645e-01
9.999450254203949839e-01
9.999408742680504503e-01
9.999362346280463720e-01
9.999310267511899442e-01
9.999251539264457644e-01
9.999184979609291313e-01
9.999109131898323843e-01
9.999022184434406268e-01
9.998921861345508866e-01
9.998805272233967090e-01
9.998668701796503688e-01
9.998507310381486990e-01
9.998314699647423698e-01
9.998082269141487233e-01
9.997798240374355938e-01
9.997446136547938345e-01
9.997002341275222914e-01
9.996432039035778594e-01
9.995682185101874007e-01
9.994668735556795358e-01
9.993252087209277823e-01
9.991186436253596259e-01
9.988005878350687539e-01
9.982737890260245939e-01
9.973065543546569822e-01
9.952288591358651182e-01
9.893786743199480815e-01
9.592929677187506110e-01
