9.999988922144046333e-01
9.999971224415484805e-01
9.999954856349982935e-01
9.999938667586875107e-01
9.999923223250223314e-01
9.999908189466585329e-01
9.999893826371760719e-01
9.999879975431165136e-01
9.999866799215725299e-01
9.999854223755456628e-01
9.999842375723771992e-01
9.999831246174768484e-01
9.999820955583185178e-01
9.999811505223379360e-01
9.999802759670682883e-01
9.999794195923245033e-01
9.999785306546580266e-01
9.999775862253974523e-01
9.999765783567229338e-01
9.999755009573718656e-01
9.999743474771960461e-01
9.999731105800794273e-01
9.999717820250839662e-01
9.999703525278609284e-01
9.999688115981243408e-01
9.999671473466908989e-01
9.999653462555265770e-01
9.999633929024427381e-01
9.999612696299636783e-01
9.999589561449998554e-01
9.999564290323252891e-01
9.999536611599614266e-01
9.999506209481434649e-01
9.999472714648883764e-01
9.999435692994951275e-01
9.999394631494824548e-01
9.999348920344350855e-01
9.999297830198747850e-01
9.999240482912875594e-01
9.999175813573115690e-01
9.999102520728306853e-01
9.999019000434664628e-01
9.998923257807634801e-01
9.998812786868334079e-01
9.998684405001301290e-01
9.998534021320039100e-01
9.998356306976921015e-01
9.998144216955684449e-01
9.997888281680901157e-01
9.997575532574479729e-01
9.997187828356978168e-01
9.996699167478864112e-01
9.996071219200404201e-01
9.995245584953882378e-01
9.994129742107195069e-01
9.992570012126976708e-01
9.990295828213427987e-01
9.986794401823744227e-01
9.980995502572572731e-01
9.970350004486419060e-01
9.947488948831364475e-01
9.883155367779752343e-01
9.552716723413419153e-01
