9.999977759916267583e-01
9.999941931020125407e-01
9.999908274531997820e-01
9.999874438317043479e-01
9.999841564153496565e-01
9.999808924735531512e-01
9.999777049756761738e-01
9.999745548076159896e-01
9.999714741882802516e-01
9.999684382499474111e-01
9.999654691786901139e-01
9.999625498675024371e-01
9.999596967778741075e-01
9.999568977008077564e-01
9.999541655290847819e-01
9.999514915092871936e-01
9.999488862342803541e-01
9.999463436657983761e-01
9.999438729864523756e-01
9.999414705886742194e-01
9.999391450485927146e-01
9.999368953531957427e-01
9.999347304759447219e-01
9.999326527559425637e-01
9.999306727501993119e-01
9.999287957098637047e-01
9.999270265980100270e-01
9.999253474482933113e-01
9.999237129354594522e-01
9.999220678087005210e-01
9.999203803944055613e-01
9.999186393825978403e-01
9.999168408484211401e-01
9.999149820257863253e-01
9.999130601794086193e-01
9.999110724260278360e-01
9.999090157175160032e-01
9.999068868273043309e-01
9.999046823379090787e-01
9.999023986271783349e-01
9.999000318534116971e-01
9.998975779391888752e-01
9.998950325538114026e-01
9.998923910941738269e-01
9.998896486639435865e-01
9.998868000508688292e-01
9.998838397019901292e-01
9.998807616965598166e-01
9.998775597164307749e-01
9.998742270136062871e-01
9.998707563746728200e-01
9.998671400817340515e-01
9.998633698694816552e-01
9.998594368779372132e-01
9.998553316003602198e-01
9.998510438257567357e-01
9.998465625753496511e-01
9.998418760322370646e-01
9.998369714634260941e-01
9.998318351333009835e-01
9.998264522073447846e-01
9.998208066449535414e-01
9.998148810798337394e-01
9.998086566863132463e-01
9.998021130296987913e-01
9.997952278983737173e-01
9.997879771151418904e-01
9.997803343247408936e-01
9.997722707540976916e-01
9.997637549412212721e-01
9.997547524279503106e-01
9.997452254109493452e-01
9.997351323443602888e-01
9.997244274862594482e-01
9.997130603797079740e-01
9.997009752573333685e-01
9.996881103563051152e-01
9.996743971280542818e-01
9.996597593236185020e-01
9.996441119319808832e-01
9.996273599436015234e-01
9.996093969055459549e-01
9.995901032270335662e-01
9.995693441849261562e-01
9.995469675668740006e-01
9.995228008748777704e-01
9.994966479930348369e-01
9.994682851988728745e-01
9.994374563662181687e-01
9.994038671668589169e-01
9.993671780248247760e-01
9.993269955070583910e-01
9.992828617409836856e-01
9.992342413249164501e-01
9.991805050289048751e-01
9.991209093542736674e-01
9.990545707046193380e-01
9.989804324818717385e-01
9.988972228036501200e-01
9.988033996585665708e-01
9.986970790476432658e-01
9.985759398036474499e-01
9.984370960229834724e-01
9.982769238808554269e-01
9.980908231987065671e-01
9.978728840968712488e-01
9.976154129900293155e-01
9.973082458193175404e-01
9.969377320329466663e-01
9.964851959038143470e-01
9.959245440243268410e-01
9.952184318877883573e-01
9.943119065659985489e-01
9.931214340904807036e-01
9.915150510759960234e-01
9.892743947333638710e-01
9.860169582361094642e-01
9.810228765117855465e-01
9.728049132977947266e-01
9.578750639939573874e-01
9.264012649202226779e-01
8.410440857699410522e-01
4.358605001469855744e-01
