9.999978329464110915e-01
9.999943427680993979e-01
9.999910663992791493e-01
9.999877747485371726e-01
9.999845790695149894e-01
9.999814086498554078e-01
9.999783150600578541e-01
9.999752603750405866e-01
9.999722759434750419e-01
9.999693377545458839e-01
9.999664673922786795e-01
9.999636484490510568e-01
9.999608969555713323e-01
9.999582013345809095e-01
9.999555741845203016e-01
9.999530073834534960e-01
9.999505113711508741e-01
9.999480808184482150e-01
9.999457249494075883e-01
9.999434410733401002e-01
9.999412381477671419e-01
9.999391165386435354e-01
9.999370862052523456e-01
9.999351514229666282e-01
9.999333227859519280e-01
9.999316001963907130e-01
9.999299662367044927e-01
9.999283703217970443e-01
9.999267587730794604e-01
9.999251016127365110e-01
9.999233890247963830e-01
9.999216171517795182e-01
9.999197831052023533e-01
9.999178839290279175e-01
9.999159165029365415e-01
9.999138775170891558e-01
9.999117634587239012e-01
9.999095705968408243e-01
9.999072949657692444e-01
9.999049323472051221e-01
9.999024782506722442e-01
9.998999278921528733e-01
9.998972761707819457e-01
9.998945176433080562e-01
9.998916464961505879e-01
9.998886565147468986e-01
9.998855410499102314e-01
9.998822929808280913e-01
9.998789046743520315e-01
9.998753679401194416e-01
9.998716739810200593e-01
9.998678133384558686e-01
9.998637758317410196e-01
9.998595504909335574e-01
9.998551254822642953e-01
9.998504880252027105e-01
9.998456243001035970e-01
9.998405193451480599e-01
9.998351569411797479e-01
9.998295194827510057e-01
9.998235878334805760e-01
9.998173411634834196e-01
9.998107567663159223e-01
9.998038098523968076e-01
9.997964733154220962e-01
9.997887174676288735e-01
9.997805097390921603e-01
9.997718143353507836e-01
9.997625918466430672e-01
9.997527988007188782e-01
9.997423871498507530e-01
9.997313036805710595e-01
9.997194893326852849e-01
9.997068784112079776e-01
9.996933976715268733e-01
9.996789652539772586e-01
9.996634894388192194e-01
9.996468671861347133e-01
9.996289824171604721e-01
9.996097039833435893e-01
9.995888832565859028e-01
9.995663512577133147e-01
9.995419152192468459e-01
9.995153544514132626e-01
9.994864153452345246e-01
9.994548053005773980e-01
9.994201853064975660e-01
9.993821608209569884e-01
9.993402704894869260e-01
9.992939720972918716e-01
9.992426249515502512e-01
9.991854676185177864e-01
9.991215895615567222e-01
9.990498946935114644e-01
9.989690540985373124e-01
9.988774440841715618e-01
9.987730641232808182e-01
9.986534268668588732e-01
9.985154088159916563e-01
9.983550447174319720e-01
9.981672400855255978e-01
9.979453623773769655e-01
9.976806485870723940e-01
9.973613286987650373e-01
9.969712979940631437e-01
9.964880521888552778e-01
9.958793781577202076e-01
9.950978641775339861e-01
9.940714211403827161e-01
9.926861282328693914e-01
9.907533966780818213e-01
9.879426826436844555e-01
9.836314095302443050e-01
9.765318245087191151e-01
9.636183193126730551e-01
9.363368504804155945e-01
8.620243065592011478e-01
5.048688704001729199e-01
