9.999981127050795449e-01
9.999950764163130223e-01
9.999922329960212464e-01
9.999893833108538521e-01
9.999866242105921454e-01
9.999838946627185310e-01
9.999812394354896661e-01
9.999786261592817915e-01
9.999760820039218512e-01
9.999735868436179231e-01
9.999711594088793731e-01
9.999687863692487966e-01
9.999664817478882695e-01
9.999642366874879063e-01
9.999620624666160085e-01
9.999599536881125239e-01
9.999579202357583574e-01
9.999559599901027829e-01
9.999540827896511441e-01
9.999522904380184762e-01
9.999505940931758818e-01
9.999489981660381055e-01
9.999475038576499664e-01
9.999460824570315376e-01
9.999446797220969962e-01
9.999432465297296568e-01
9.999417617576449313e-01
9.999402184735173282e-01
9.999386130726376498e-01
9.999369421281739667e-01
9.999352020228169380e-01
9.999333888862302899e-01
9.999314985739726769e-01
9.999295266433430029e-01
9.999274683273107200e-01
9.999253185056833360e-01
9.999230716732364632e-01
9.999207219044408124e-01
9.999182628143639118e-01
9.999156875152515056e-01
9.999129885682691565e-01
9.999101579297167142e-01
9.999071868910515137e-01
9.999040660118428958e-01
9.999007850446962609e-01
9.998973328510531999e-01
9.998936973065504219e-01
9.998898651944513327e-01
9.998858220853773515e-01
9.998815522013194679e-01
9.998770382615097541e-01
9.998722613073552923e-01
9.998672005031016274e-01
9.998618329083118761e-01
9.998561332175210925e-01
9.998500734615245467e-01
9.998436226637125168e-01
9.998367464435491403e-01
9.998294065576833756e-01
9.998215603672579999e-01
9.998131602174876731e-01
9.998041527126456662e-01
9.997944778657826825e-01
9.997840680978129502e-01
9.997728470547457835e-01
9.997607282041950372e-01
9.997476131629123852e-01
9.997333896947543375e-01
9.997179293026706715e-01
9.997010843179400252e-01
9.996826843629618153e-01
9.996625320286863792e-01
9.996403975609458037e-01
9.996160122872453924e-01
9.995890604309155547e-01
9.995591688442619915e-01
9.995258940334335040e-01
9.994887056269505798e-01
9.994469651288502288e-01
9.993998983546955595e-01
9.993465593096922950e-01
9.992857823328373801e-01
9.992161179413087124e-01
9.991357457094368621e-01
9.990423542868436257e-01
9.989329735938108357e-01
9.988037361115543744e-01
9.986495308574542262e-01
9.984634911795462475e-01
9.982362185448112601e-01
9.979545746469622447e-01
9.975997442005488658e-01
9.971440185508836374e-01
9.965452362579404477e-01
9.957367084693479198e-01
9.946079014126057993e-01
9.929647627290426604e-01
9.904409651106913515e-01
9.862762947533657565e-01
9.786756489848770224e-01
9.625223503563217209e-01
9.179955223015276999e-01
6.980450502775852328e-01
