9.999999999968895992e-01
9.999999999920348159e-01
9.999999999877196011e-01
9.999999999836437503e-01
9.999999999799813466e-01
9.999999999766795433e-01
9.999999999738058420e-01
9.999999999711870480e-01
9.999999999684683338e-01
9.999999999653794713e-01
9.999999999618367497e-01
9.999999999577042775e-01
9.999999999528674799e-01
9.999999999471522738e-01
9.999999999403299533e-01
9.999999999320938748e-01
9.999999999220294811e-01
9.999999999095490200e-01
9.999999998938184920e-01
9.999999998735973339e-01
9.999999998469992768e-01
9.999999998110342680e-01
9.999999997607322832e-01
9.999999996873196739e-01
9.999999995741477576e-01
9.999999993863433190e-01
9.999999990404588868e-01
9.999999982932759046e-01
9.999999961639269852e-01
9.999999848608328579e-01
