9.999982244702402268e-01
9.999953696968995054e-01
9.999926994234762390e-01
9.999900265263008681e-01
9.999874420784808926e-01
9.999848889504043825e-01
9.999824091873041887e-01
9.999799726810415512e-01
9.999776049401961631e-01
9.999752874490777099e-01
9.999730378270299536e-01
9.999708440631154271e-01
9.999687194467972162e-01
9.999666563641378403e-01
9.999646657210669032e-01
9.999627435142078857e-01
9.999608997626704410e-01
9.999591342641619418e-01
9.999574577974321699e-01
9.999558744699451607e-01
9.999543933968454423e-01
9.999530056373079345e-01
9.999516752065790159e-01
9.999503433025900279e-01
9.999489706810679168e-01
9.999475425728889810e-01
9.999460538944958676e-01
9.999445009470369072e-01
9.999428799690950331e-01
9.999411869269805297e-01
9.999394174851620187e-01
9.999375669769549058e-01
9.999356303738807794e-01
9.999336022514571098e-01
9.999314767511756630e-01
9.999292475381542644e-01
9.999269077538986972e-01
9.999244499634872829e-01
9.999218660964498406e-01
9.999191473804488473e-01
9.999162842667449480e-01
9.999132663462416692e-01
9.999100822547868361e-01
9.999067195660450436e-01
9.999031646701099785e-01
9.998994026356157194e-01
9.998954170527307728e-01
9.998911898539536436e-01
9.998867011090577517e-01
9.998819287897973140e-01
9.998768484992400785e-01
9.998714331594129590e-01
9.998656526498733710e-01
9.998594733881080998e-01
9.998528578408452105e-01
9.998457639529624297e-01
9.998381444777145743e-01
9.998299461883256578e-01
9.998211089462762935e-01
9.998115645957517117e-01
9.998012356461660755e-01
9.997900336950573674e-01
9.997778575311571103e-01
9.997645908413347327e-01
9.997500994240228200e-01
9.997342277838664470e-01
9.997167949454600633e-01
9.996975892746717829e-01
9.996763620293006580e-01
9.996528192699233317e-01
9.996266116365870591e-01
9.995973213229535359e-01
9.995644453343189850e-01
9.995273737669509995e-01
9.994853613423333449e-01
9.994374896924385077e-01
9.993826167962008844e-01
9.993193083112793529e-01
9.992457429976547845e-01
9.991595804326965924e-01
9.990577728102725263e-01
9.989362920988946737e-01
9.987897261089646594e-01
9.986106662596146988e-01
9.983887546723684281e-01
9.981091555479760791e-01
9.977500164264685445e-01
9.972780785082595578e-01
9.966407182527421416e-01
9.957506789202996700e-01
9.944546893421455369e-01
9.924631886566690486e-01
9.891746143235036204e-01
9.831661321158255973e-01
9.703712727982742869e-01
9.349643929236410855e-01
7.587568754430624729e-01
