9.999993388461134725e-01
9.999982977454801025e-01
9.999973582025363239e-01
9.999964547447867114e-01
9.999956214280657507e-01
9.999948436328144341e-01
9.999941390615304515e-01
9.999935057302605790e-01
9.999929427333694720e-01
9.999924022468156259e-01
9.999918258742404031e-01
9.999911842293809361e-01
9.999904641145644923e-01
9.999896520350278761e-01
9.999887316415227989e-01
9.999876827817347769e-01
9.999864803899645160e-01
9.999850929760242257e-01
9.999834805433676088e-01
9.999815916755399048e-01
9.999793593884468423e-01
9.999766951129002157e-01
9.999734797783239593e-01
9.999695502850688422e-01
9.999646784242837150e-01
9.999585370136412354e-01
9.999506435581139163e-01
9.999402626270342820e-01
9.999262283916299232e-01
9.999066029906054087e-01
9.998779712157923605e-01
9.998338514509529373e-01
9.997606887351107030e-01
9.996260965279460953e-01
9.993359625763584830e-01
9.985129440532100054e-01
9.942025903789056818e-01
