9.999989478346559268e-01
9.999972685638227610e-01
9.999957180368116427e-01
9.999941872746438420e-01
9.999927299225795929e-01
9.999913146614461956e-01
9.999899662274359669e-01
9.999886701309477210e-01
9.999874420286197774e-01
9.999862758414687081e-01
9.999851842619508213e-01
9.999841679098533387e-01
9.999832373005637098e-01
9.999823829957037447e-01
9.999815670835752179e-01
9.999807313649317075e-01
9.999798444762473260e-01
9.999788954621349202e-01
9.999778778480412633e-01
9.999767848242132606e-01
9.999756087526889825e-01
9.999743410025605517e-01
9.999729717921250760e-01
9.999714899995151285e-01
9.999698829362122510e-01
9.999681360745763525e-01
9.999662327184796196e-01
9.999641536029972855e-01
9.999618764051579900e-01
9.999593751424612487e-01
9.999566194286885201e-01
9.999535735470349573e-01
9.999501952873921518e-01
9.999464344766813007e-01
9.999422311059701363e-01
9.999375129228699199e-01
9.999321923073198892e-01
9.999261621763031460e-01
9.999192905565665868e-01
9.999114133063438103e-01
9.999023242278833878e-01
9.998917614446716229e-01
9.998793883392906867e-01
9.998647664211706143e-01
9.998473159706279256e-01
9.998262577369377846e-01
9.998005245055680001e-01
9.997686233362638175e-01
9.997284143356400810e-01
9.996767427698436403e-01
9.996088019500166677e-01
9.995169758599853349e-01
9.993886130551038471e-01
9.992014361360737063e-01
9.989132156139107765e-01
9.984357894389180865e-01
9.975590748233557070e-01
9.956753172090432313e-01
9.903682587281128491e-01
9.630420669176219528e-01
