9.999981116771515799e-01
9.999950731697824224e-01
9.999922266387786252e-01
9.999893727717822367e-01
9.999866084864805771e-01
9.999838726249230536e-01
9.999812100051713726e-01
9.999785881314108282e-01
9.999760342084987874e-01
9.999735279700324719e-01
9.999710881632888348e-01
9.999687012897842120e-01
9.999663813607646556e-01
9.999641193028125929e-01
9.999619263305555839e-01
9.999597967418665245e-01
9.999577402514323587e-01
9.999557542567540924e-01
9.999538482060948974e-01
9.999520230987352098e-01
9.999502895682002013e-01
9.999486522835200342e-01
9.999471178917949121e-01
9.999456711776149032e-01
9.999442688071336072e-01
9.999428546757352931e-01
9.999413967268454551e-01
9.999398837498244541e-01
9.999383115705755554e-01
9.999366769096500462e-01
9.999349764068448110e-01
9.999332064771631057e-01
9.999313632894556436e-01
9.999294427445029054e-01
9.999274404523386117e-01
9.999253517071192698e-01
9.999231714594609688e-01
9.999208942859040272e-01
9.999185143551474475e-01
9.999160253906962392e-01
9.999134206294475469e-01
9.999106927756987728e-01
9.999078339500250268e-01
9.999048356323207987e-01
9.999016885982656699e-01
9.998983828483037906e-01
9.998949075281343690e-01
9.998912508395167986e-01
9.998873999400280654e-01
9.998833408301917025e-01
9.998790582260762561e-01
9.998745354152624998e-01
9.998697540935951311e-01
9.998646941797435517e-01
9.998593336040684232e-01
9.998536480676285532e-01
9.998476107664355794e-01
9.998411920750425175e-01
9.998343591825484822e-01
9.998270756726024278e-01
9.998193010373579437e-01
9.998109901132512523e-01
9.998020924238539830e-01
9.997925514119685442e-01
9.997823035390128732e-01
9.997712772248981139e-01
9.997593915952466270e-01
9.997465549948945096e-01
9.997326632164474924e-01
9.997175973798156923e-01
9.997012213817738635e-01
9.996833788130043974e-01
9.996638892116903596e-01
9.996425434853185577e-01
9.996190982827990457e-01
9.995932690326002623e-01
9.995647212729760200e-01
9.995330597782418058e-01
9.994978148168052190e-01
9.994584246428201979e-01
9.994142129940682961e-01
9.993643598998482869e-01
9.993078634259093818e-01
9.992434889932724218e-01
9.991697014360648721e-01
9.990845727401552745e-01
9.989856549847904166e-01
9.988698026451285905e-01
9.987329198164428545e-01
9.985695938114205195e-01
9.983725528103013502e-01
9.981318440035340522e-01
9.978335547354975077e-01
9.974577616158042392e-01
9.969751256390340100e-01
9.963410075250932474e-01
9.954848049567687207e-01
9.942895104536101369e-01
9.925497363285150643e-01
9.898778348487733414e-01
9.854695813064450194e-01
9.774267879451327135e-01
9.603428160446544348e-01
9.132994814972383857e-01
6.814022909652077686e-01
