9.999993364808373864e-01
9.999982897126512560e-01
9.999973420337685548e-01
9.999964272513587327e-01
9.999955794088013494e-01
9.999947829080915174e-01
9.999940550179277077e-01
9.999933933710882794e-01
9.999928056716675950e-01
9.999922640017443465e-01
9.999917124746625641e-01
9.999911087832422663e-01
9.999904373121070167e-01
9.999896868188943300e-01
9.999888443941845617e-01
9.999878943870974535e-01
9.999868176705426492e-01
9.999855906702626029e-01
9.999841840640564250e-01
9.999825610144216226e-01
9.999806747332359302e-01
9.999784650736029956e-01
9.999758536780622986e-01
9.999727369397239940e-01
9.999689755727064755e-01
9.999643787886536295e-01
9.999586796395398824e-01
9.999514954077186601e-01
9.999422617092700305e-01
9.999301183134785553e-01
9.999137015887978874e-01
9.998907449572419504e-01
9.998572540703347666e-01
9.998056486468810400e-01
9.997200775216147361e-01
9.995626731852301772e-01
9.992234223341144306e-01
9.982614301815785351e-01
9.932282856488631184e-01
