9.999991700963134500e-01
9.999978525313846234e-01
9.999966467933790737e-01
9.999954682375374881e-01
9.999943591556584854e-01
9.999932968172582370e-01
9.999923012087110763e-01
9.999913641242739182e-01
9.999904997869676349e-01
9.999897082913558055e-01
9.999889954752753107e-01
9.999883327726699633e-01
9.999876645372718365e-01
9.999869481063502485e-01
9.999861684048663157e-01
9.999853167228708317e-01
9.999843838957798159e-01
9.999833592767181090e-01
9.999822304165197906e-01
9.999809826816985492e-01
9.999795987781189277e-01
9.999780581486977793e-01
9.999763362058607941e-01
9.999744033448029201e-01
9.999722236630250727e-01
9.999697532817637402e-01
9.999669381213818209e-01
9.999637109178592942e-01
9.999599871694562214e-01
9.999556595516960744e-01
9.999505901016703113e-01
9.999445990924444860e-01
9.999374488933041594e-01
9.999288200572262753e-01
9.999182750446409251e-01
9.999052017015219729e-01
9.998887224729087198e-01
9.998675433908504884e-01
9.998396924635089000e-01
9.998020442426208687e-01
9.997494048932343835e-01
9.996726241850044659e-01
9.995543445681733807e-01
9.993582918680343763e-01
9.989978916713661006e-01
9.982220309628421218e-01
9.960274381348639405e-01
9.846195025719808314e-01
