9.999985023759084823e-01
9.999960985534875890e-01
9.999938572179151164e-01
9.999916210976756981e-01
9.999894668922806318e-01
9.999873471435642980e-01
9.999852971639276999e-01
9.999832924443250448e-01
9.999813544354479999e-01
9.999794686381846542e-01
9.999776500429505832e-01
9.999758900298851838e-01
9.999742003424525461e-01
9.999725768191640718e-01
9.999710300830431109e-01
9.999695605274186994e-01
9.999681794926442713e-01
9.999668904371111777e-01
9.999656933274301274e-01
9.999645553527101161e-01
9.999634210912727861e-01
9.999622476610041666e-01
9.999610192789928353e-01
9.999597301381498715e-01
9.999583759909717040e-01
9.999569523775254654e-01
9.999554544645566923e-01
9.999538769904996460e-01
9.999522142198045138e-01
9.999504598906224784e-01
9.999486071557897038e-01
9.999466485159359541e-01
9.999445757434756166e-01
9.999423797960836913e-01
9.999400507179506681e-01
9.999375775267550504e-01
9.999349480839903048e-01
9.999321489457921874e-01
9.999291651907857847e-01
9.999259802208854131e-01
9.999225755300191754e-01
9.999189304347717577e-01
9.999150217596264323e-01
9.999108234677654972e-01
9.999063062265244328e-01
9.999014368937679809e-01
9.998961779085102641e-01
9.998904865646474072e-01
9.998843141415264535e-01
9.998776048582197484e-01
9.998702946093637189e-01
9.998623094288290325e-01
9.998535636122027892e-01
9.998439574086166459e-01
9.998333741652373208e-01
9.998216767709225961e-01
9.998087031954112636e-01
9.997942608512591089e-01
9.997781194096623247e-01
9.997600015660689232e-01
9.997395710586270967e-01
9.997164169644132681e-01
9.996900328910864886e-01
9.996597890760959837e-01
9.996248944906603873e-01
9.995843446378057662e-01
9.995368485241463707e-01
9.994807247422363705e-01
9.994137507821742039e-01
9.993329398821444443e-01
9.992342026969466273e-01
9.991118205042166522e-01
9.989575997528351570e-01
9.987594671573910565e-01
9.984990388472375633e-01
9.981472095064513050e-01
9.976556807263516902e-01
9.969395243072399770e-01
9.958380592043848401e-01
9.940167682192606602e-01
9.906819132678658102e-01
9.835532445615053909e-01
9.636772196385754441e-01
8.634119227977501421e-01
