9.999978889408335236e-01
9.999944895522248078e-01
9.999912997830848749e-01
9.999880965259743126e-01
9.999849881589951694e-01
9.999819058975454311e-01
9.999788999533335554e-01
9.999759335026883189e-01
9.999730370572902372e-01
9.999701873704157640e-01
9.999674054501055398e-01
9.999646754850815000e-01
9.999620130919829597e-01
9.999594072064388328e-01
9.999568701355326938e-01
9.999543942461247559e-01
9.999519898062213530e-01
9.999496520162202140e-01
9.999473900868023346e-01
9.999452020041983413e-01
9.999430969840761296e-01
9.999410764025040699e-01
9.999391508313317800e-01
9.999373253259810079e-01
9.999356077113391583e-01
9.999339866566121504e-01
9.999324235804328831e-01
9.999308603791667860e-01
9.999292584364346537e-01
9.999276028565198260e-01
9.999258887911994798e-01
9.999241131455021137e-01
9.999222729173393720e-01
9.999203649341164013e-01
9.999183858286510018e-01
9.999163320217542283e-01
9.999141997062754861e-01
9.999119848293984703e-01
9.999096830733857910e-01
9.999072898345231497e-01
9.999048002000784363e-01
9.999022089230864552e-01
9.998995103946682894e-01
9.998966986136850199e-01
9.998937671533264515e-01
9.998907091243788292e-01
9.998875171347064716e-01
9.998841832445640732e-01
9.998806989171664661e-01
9.998770549640190186e-01
9.998732414842644856e-01
9.998692477974076009e-01
9.998650623684428584e-01
9.998606727244933046e-01
9.998560653618115968e-01
9.998512256418188304e-01
9.998461376747305174e-01
9.998407841889781489e-01
9.998351463845057685e-01
9.998292037675249322e-01
9.998229339640737345e-01
9.998163125091751313e-01
9.998093126078920756e-01
9.998019048639126272e-01
9.997940569705197067e-01
9.997857333578831218e-01
9.997768947894452030e-01
9.997674978988549954e-01
9.997574946572128640e-01
9.997468317584002895e-01
9.997354499077312218e-01
9.997232829962119371e-01
9.997102571388511993e-01
9.996962895508333391e-01
9.996812872295843810e-01
9.996651454033845807e-01
9.996477456981426313e-01
9.996289539621675546e-01
9.996086176741215690e-01
9.995865628402703651e-01
9.995625902627678361e-01
9.995364710289280641e-01
9.995079410299795297e-01
9.994766942631457818e-01
9.994423745984204466e-01
9.994045655942772610e-01
9.993627778156841668e-01
9.993164329290832315e-01
9.992648436033528814e-01
9.992071879038942894e-01
9.991424763859563241e-01
9.990695094084398598e-01
9.989868212009649362e-01
9.988926057708727990e-01
9.987846175880750188e-01
9.986600367402582723e-01
9.985152832603387818e-01
9.983457575020850960e-01
9.981454709012722581e-01
9.979065108896879588e-01
9.976182490880695086e-01
9.972661418375687870e-01
9.968298645130921898e-01
9.962803209947767025e-01
9.955746817393745784e-01
9.946478143453573173e-01
9.933967703583947984e-01
9.916510791476228492e-01
9.891118446780179374e-01
9.852158149866856451e-01
9.787970947853975590e-01
9.671133248423199325e-01
9.423970762802109657e-01
8.748911846991350716e-01
5.481915194056837803e-01
