9.999981685967643807e-01
9.999952230685458243e-01
9.999924662238466322e-01
9.999897049322656883e-01
9.999870331560811731e-01
9.999843918118143105e-01
9.999818243060576428e-01
9.999792993966349908e-01
9.999768434214901802e-01
9.999744370548949712e-01
9.999720984685369629e-01
9.999698149833659011e-01
9.999676002483254278e-01
9.999654460122286981e-01
9.999633633503506314e-01
9.999613475300930254e-01
9.999594084629902513e-01
9.999575449215540868e-01
9.999557671605262543e-01
9.999540782220495139e-01
9.999524892041875557e-01
9.999510010981583763e-01
9.999495998425844689e-01
9.999482360691962501e-01
9.999468551592780585e-01
9.999454267849654521e-01
9.999439412160464613e-01
9.999423942389090714e-01
9.999407823429227182e-01
9.999391018363368300e-01
9.999373487697865714e-01
9.999355189051871706e-01
9.999336076905777082e-01
9.999316102316734289e-01
9.999295212605253669e-01
9.999273351007621491e-01
9.999250456289826561e-01
9.999226462318530073e-01
9.999201297582942516e-01
9.999174884661575780e-01
9.999147139626055614e-01
9.999117971373810976e-01
9.999087280879428441e-01
9.999054960353271904e-01
9.999020892293922769e-01
9.998984948418971896e-01
9.998946988456075546e-01
9.998906858772528272e-01
9.998864390818862358e-01
9.998819399356536630e-01
9.998771680435197817e-01
9.998721009077945476e-01
9.998667136625511986e-01
9.998609787680867722e-01
9.998548656583683414e-01
9.998483403330535868e-01
9.998413648838558876e-01
9.998338969429453327e-01
9.998258890383301400e-01
9.998172878378549511e-01
9.998080332592913511e-01
9.997980574186841052e-01
9.997872833825000027e-01
9.997756236805761532e-01
9.997629785260141455e-01
9.997492336741236052e-01
9.997342578342965913e-01
9.997178995248380273e-01
9.996999832294788391e-01
9.996803046725282194e-01
9.996586249740124774e-01
9.996346633707869911e-01
9.996080880870340524e-01
9.995785047963271497e-01
9.995454419210216823e-01
9.995083317380824006e-01
9.994664858667628993e-01
9.994190631450139417e-01
9.993650270695850768e-01
9.993030887383741456e-01
9.992316293654044390e-01
9.991485935652527628e-01
9.990513400954819101e-01
9.989364295197289412e-01
9.987993163929773655e-01
9.986338935840052278e-01
9.984318016693096709e-01
9.981813541469239937e-01
9.978658134960249892e-01
9.974605284553011986e-01
9.969279850108054841e-01
9.962088358814484845e-01
9.952046950637057909e-01
9.937427883338554313e-01
9.914968300909445809e-01
9.877893230942697000e-01
9.810191242548491619e-01
9.666161303360726320e-01
9.268346703382132068e-01
7.295603915194972533e-01
