9.999985035893086405e-01
9.999961025055341679e-01
9.999938650292435893e-01
9.999916341299618372e-01
9.999894864203789924e-01
9.999873746264159591e-01
9.999853340070252727e-01
9.999833402534394899e-01
9.999814147980318202e-01
9.999795433895867225e-01
9.999777410579582249e-01
9.999759995287059722e-01
9.999743307031560002e-01
9.999727309727709512e-01
9.999712113766021648e-01
9.999697732202985634e-01
9.999684281490630600e-01
9.999671777709567833e-01
9.999660114379549380e-01
9.999648809230333724e-01
9.999637306966446815e-01
9.999625303886802152e-01
9.999612703558169446e-01
9.999599457271444169e-01
9.999585519684541790e-01
9.999570841802764010e-01
9.999555370260482245e-01
9.999539046792322861e-01
9.999521807687046238e-01
9.999503583164645049e-01
9.999484296669225447e-01
9.999463864063922180e-01
9.999442192711932575e-01
9.999419180424946596e-01
9.999394714256512051e-01
9.999368669113933850e-01
9.999340906156428677e-01
9.999311270941543262e-01
9.999279591273166901e-01
9.999245674695258490e-01
9.999209305562700711e-01
9.999170241606292198e-01
9.999128209888741292e-01
9.999082902025926423e-01
9.999033968516091164e-01
9.998981011981870060e-01
9.998923579080328805e-01
9.998861150772038187e-01
9.998793130557621645e-01
9.998718830182125039e-01
9.998637452163869899e-01
9.998548068316067683e-01
9.998449593175181560e-01
9.998340750907619423e-01
9.998220033799483097e-01
9.998085649791246254e-01
9.997935455624552548e-01
9.997766870909600145e-01
9.997576766627452871e-01
9.997361318993005508e-01
9.997115815813051309e-01
9.996834396839351378e-01
9.996509701100784184e-01
9.996132381094047226e-01
9.995690423146200709e-01
9.995168180285686210e-01
9.994544969800135403e-01
9.993792996350689961e-01
9.992874202970315478e-01
9.991735367776672927e-01
9.990300234330411477e-01
9.988456433764804077e-01
9.986032855157294108e-01
9.982758579854803527e-01
9.978184000854103397e-01
9.971518444560690808e-01
9.961265770599198044e-01
9.944310562561285982e-01
9.913258273521712294e-01
9.846854996251913628e-01
9.661571690821294522e-01
8.725635451919563357e-01
