9.999997961650199940e-01
9.999994780008645279e-01
9.999991951701551196e-01
9.999989282921293299e-01
9.999986881869277200e-01
9.999984718364279823e-01
9.999982834683361910e-01
9.999981117194171043e-01
9.999979335292095151e-01
9.999977316640284997e-01
9.999974988633909545e-01
9.999972283013957020e-01
9.999969113490478900e-01
9.999965367634606750e-01
9.999960896783258724e-01
9.999955501066114527e-01
9.999948906688826966e-01
9.999940730529391919e-01
9.999930423256391254e-01
9.999917174679976428e-01
9.999899749713774266e-01
9.999876190103440532e-01
9.999843240033031710e-01
9.999795159755799911e-01
9.999721051142834716e-01
9.999598108181751988e-01
9.999371785739155083e-01
9.998883306033543583e-01
9.997493879346462942e-01
9.990160966360414063e-01
