9.999976087304716099e-01
9.999937553317900241e-01
9.999901325091810067e-01
9.999864872752027845e-01
9.999829423533318495e-01
9.999794193588205093e-01
9.999759752830784665e-01
9.999725678366739867e-01
9.999692317136373854e-01
9.999659398971185720e-01
9.999627162861914886e-01
9.999595421559410724e-01
9.999564352259768807e-01
9.999533819686446945e-01
9.999503962197746620e-01
9.999474680673275939e-01
9.999446087899208635e-01
9.999418112377743695e-01
9.999390850169194156e-01
9.999364253202929209e-01
9.999338407950063567e-01
9.999313289124300841e-01
9.999288981212451910e-01
9.999265485481422244e-01
9.999242895111360996e-01
9.999221247019941528e-01
9.999200650393821332e-01
9.999181149057059237e-01
9.999162716363212411e-01
9.999145024378978119e-01
9.999127524256669064e-01
9.999109741844673938e-01
9.999091467266109090e-01
9.999072631824318380e-01
9.999053205377718134e-01
9.999033162120181117e-01
9.999012475632546026e-01
9.998991118087260377e-01
9.998969060144419219e-01
9.998946270842045125e-01
9.998922717488268885e-01
9.998898365544124367e-01
9.998873178496729963e-01
9.998847117722364786e-01
9.998820142338442629e-01
9.998792209042979273e-01
9.998763271940870334e-01
9.998733282355092289e-01
9.998702188622156095e-01
9.998669935869262115e-01
9.998636465772253734e-01
9.998601716291719566e-01
9.998565621385366864e-01
9.998528110694081539e-01
9.998489109198850366e-01
9.998448536845547796e-01
9.998406308133727105e-01
9.998362331666083014e-01
9.998316509653550899e-01
9.998268737371258652e-01
9.998218902559901089e-01
9.998166884765701257e-01
9.998112554612150760e-01
9.998055772994958179e-01
9.997996390190926341e-01
9.997934244870290144e-01
9.997869163000269177e-01
9.997800956625410018e-01
9.997729422509646913e-01
9.997654340620960589e-01
9.997575472437844057e-01
9.997492559053426930e-01
9.997405319048350281e-01
9.997313446100820622e-01
9.997216606294644370e-01
9.997114435082223860e-01
9.997006533849874810e-01
9.996892466025679713e-01
9.996771752658226706e-01
9.996643867382960513e-01
9.996508230677025875e-01
9.996364203285172945e-01
9.996211078677414985e-01
9.996048074371860492e-01
9.995874321923626793e-01
9.995688855339450729e-01
9.995490597629644869e-01
9.995278345146560994e-01
9.995050749283199698e-01
9.994806295011346986e-01
9.994543275619538480e-01
9.994259762862343077e-01
9.993953571542844028e-01
9.993622217310131894e-01
9.993262866144621004e-01
9.992872273606768774e-01
9.992446711408169424e-01
9.991981878189641897e-01
9.991472790503157508e-01
9.990913648813970482e-01
9.990297671764346576e-01
9.989616889808660138e-01
9.988861886429889481e-01
9.988021471154336917e-01
9.987082263029066764e-01
9.986028155415764829e-01
9.984839621834199486e-01
9.983492806548981413e-01
9.981958320126552708e-01
9.980199625341803493e-01
9.978170846195185684e-01
9.975813751931220663e-01
9.973053541190973759e-01
9.969792848471166202e-01
9.965903062321531669e-01
9.961211484795253757e-01
9.955481891691077001e-01
9.948384317181275804e-01
9.939446663313856734e-01
9.927974494882753076e-01
9.912912704054722690e-01
9.892595496993777937e-01
9.864268662750680372e-01
9.823112874996157151e-01
9.760072060682531969e-01
9.656477737670109418e-01
9.468695877755699541e-01
9.074428175212342351e-01
8.014207804159564352e-01
3.119716643099546549e-01
