9.999978879786823871e-01
9.999944865841585706e-01
9.999912940100801340e-01
9.999880869957290530e-01
9.999849739762680656e-01
9.999818860635293349e-01
9.999788735135785034e-01
9.999758994010482516e-01
9.999729942721368170e-01
9.999701347702867338e-01
9.999673419270538322e-01
9.999645998056112539e-01
9.999619240305589463e-01
9.999593033861803315e-01
9.999567501622674826e-01
9.999542565313681575e-01
9.999518326989413897e-01
9.999494735945969603e-01
9.999471882777112297e-01
9.999449743156890724e-01
9.999428405889657645e-01
9.999407877726964600e-01
9.999388258559809284e-01
9.999369593665634603e-01
9.999351981810949974e-01
9.999335393798087779e-01
9.999319591054828260e-01
9.999304033648418466e-01
9.999288232701759593e-01
9.999271949957062589e-01
9.999255110841539507e-01
9.999237681404219424e-01
9.999219633088584080e-01
9.999200936173391341e-01
9.999181559207980241e-01
9.999161468808525077e-01
9.999140629518427081e-01
9.999119003650628335e-01
9.999096551117381271e-01
9.999073229244277439e-01
9.999048992567353134e-01
9.999023792611453354e-01
9.998997577647655843e-01
9.998970292427676876e-01
9.998941877892509877e-01
9.998912270852793327e-01
9.998881403637115417e-01
9.998849203705126865e-01
9.998815593221050957e-01
9.998780488582960091e-01
9.998743799902551910e-01
9.998705430429166707e-01
9.998665275911642336e-01
9.998623223889334666e-01
9.998579152904274459e-01
9.998532931623241859e-01
9.998484417858496398e-01
9.998433457473190344e-01
9.998379883155914527e-01
9.998323513046120103e-01
9.998264149189047822e-01
9.998201575796092921e-01
9.998135557281540020e-01
9.998065836042677734e-01
9.997992129943829021e-01
9.997914129458617127e-01
9.997831494416120623e-01
9.997743850287064138e-01
9.997650783934205476e-01
9.997551838736615792e-01
9.997446508980293300e-01
9.997334233386129254e-01
9.997214387620184661e-01
9.997086275599432748e-01
9.996949119366128622e-01
9.996802047255083368e-01
9.996644080017168532e-01
9.996474114485034423e-01
9.996290904271351030e-01
9.996093036866117165e-01
9.995878906345765369e-01
9.995646680705042586e-01
9.995394262567248722e-01
9.995119241692485001e-01
9.994818837268120149e-01
9.994489827390035108e-01
9.994128462379889832e-01
9.993730357561836364e-01
9.993290359743643991e-01
9.992802379766665410e-01
9.992259180902810511e-01
9.991652109277989746e-01
9.990970747438482347e-01
9.990202464966526641e-01
9.989331829649035210e-01
9.988339827480255950e-01
9.987202817164662072e-01
9.985891110628350997e-01
9.984367018525032167e-01
9.982582117362713836e-01
9.980473362929601633e-01
9.977957458247390665e-01
9.974922519785245356e-01
9.971215453704306286e-01
9.966622321769755821e-01
9.960836872084676274e-01
9.953408329712752911e-01
9.943651239591249080e-01
9.930482279499937004e-01
9.912107832594778678e-01
9.885383608642109854e-01
9.844385850200778609e-01
9.776857174062193456e-01
9.653982238045532016e-01
9.394218202312105692e-01
8.685676517169685917e-01
5.268105939210779853e-01
