9.999999111612665192e-01
9.999997725011117167e-01
9.999996492397617009e-01
9.999995329315715109e-01
9.999994282913773347e-01
9.999993340042597767e-01
9.999992519121776446e-01
9.999991770621666776e-01
9.999990994036582759e-01
9.999990114266218422e-01
9.999989099669401860e-01
9.999987920496213878e-01
9.999986539137444286e-01
9.999984906590952960e-01
9.999982958061148786e-01
9.999980606432393726e-01
9.999977732366811534e-01
9.999974168871127445e-01
9.999969676500457538e-01
9.999963902096480339e-01
9.999956307272410694e-01
9.999946038368984214e-01
9.999931676003788183e-01
9.999910717730827736e-01
9.999878411628182473e-01
9.999824812045454703e-01
9.999726126273950078e-01
9.999513066565745012e-01
9.998906647782899171e-01
9.995700006543885019e-01
