9.999989494507682819e-01
9.999972739512230646e-01
9.999957287780603110e-01
9.999942053289851973e-01
9.999927571502770229e-01
9.999913532689520546e-01
9.999900184184611351e-01
9.999887385774286486e-01
9.999875295771029071e-01
9.999863861188555969e-01
9.999853214180751682e-01
9.999843369109584490e-01
9.999834400176069726e-01
9.999826082211059619e-01
9.999817880529356939e-01
9.999809281559394192e-01
9.999800084271417422e-01
9.999790206605739806e-01
9.999779578507254074e-01
9.999768121905431295e-01
9.999755748405743105e-01
9.999742357498442313e-01
9.999727834516136671e-01
9.999712048170948941e-01
9.999694847577910162e-01
9.999676058637183562e-01
9.999655479612723497e-01
9.999632875696183865e-01
9.999607972281664425e-01
9.999580446588948179e-01
9.999549917155696743e-01
9.999515930555047394e-01
9.999477944469568058e-01
9.999435305932169449e-01
9.999387223090624444e-01
9.999332728195388098e-01
9.999270628549220552e-01
9.999199440727101207e-01
9.999117301214084375e-01
9.999021843282045463e-01
9.998910024703931976e-01
9.998777882525545779e-01
9.998620177351049687e-01
9.998429866378050201e-01
9.998197304076822389e-01
9.997908996964293138e-01
9.997545603877006082e-01
9.997078610427395651e-01
9.996464569503742403e-01
9.995634638061663413e-01
9.994474450633116236e-01
9.992782611809100102e-01
9.990177315412910319e-01
9.985861356838142688e-01
9.977934654100537593e-01
9.960898432667449898e-01
9.912876672338474249e-01
9.665308527735093636e-01
