9.999992276789443357e-01
9.999980053925977552e-01
9.999968928223503806e-01
9.999958120191457800e-01
9.999948024290308268e-01
9.999938442717708487e-01
9.999929567586685053e-01
9.999921347312208386e-01
9.999913922309832115e-01
9.999907244436782028e-01
9.999901036505983720e-01
9.999894670415362397e-01
9.999887754662606376e-01
9.999880139893966291e-01
9.999871723453402916e-01
9.999862388472388064e-01
9.999851996283847244e-01
9.999840381023560321e-01
9.999827342981136846e-01
9.999812639960643512e-01
9.999795975956157212e-01
9.999776986142899782e-01
9.999755216748164033e-01
9.999730097703674048e-01
9.999700904962856018e-01
9.999666707766262652e-01
9.999626293571731717e-01
9.999578059147815612e-01
9.999519849212099576e-01
9.999448711627584307e-01
9.999360515952783190e-01
9.999249340708705747e-01
9.999106454088380058e-01
9.998918547973283388e-01
9.998664528150816855e-01
9.998309336336110853e-01
9.997791198809869995e-01
9.996992907785324789e-01
9.995669440785523996e-01
9.993235717802750884e-01
9.987993255106936141e-01
9.973145162451642065e-01
9.895704178125556139e-01
