9.999988365752761066e-01
9.999969762772480397e-01
9.999952531662142929e-01
9.999935461563831396e-01
9.999919146338720477e-01
9.999903231629299061e-01
9.999887990539836347e-01
9.999873251362901838e-01
9.999859183233102966e-01
9.999845700168007445e-01
9.999832929878685883e-01
9.999820848535502238e-01
9.999809576685922963e-01
9.999799139232937728e-01
9.999789564034418099e-01
9.999780546088795630e-01
9.999771530935872565e-01
9.999762088317949438e-01
9.999752065313883831e-01
9.999741396250804160e-01
9.999730023522594990e-01
9.999717883796453988e-01
9.999704906527215886e-01
9.999691012864967421e-01
9.999676114458750931e-01
9.999660112048359695e-01
9.999642893807082489e-01
9.999624333383353436e-01
9.999604287576747685e-01
9.999582593568344668e-01
9.999559065605085895e-01
9.999533491011477482e-01
9.999505625368116934e-01
9.999475186652109215e-01
9.999441848075625305e-01
9.999405229281501661e-01
9.999364885450567897e-01
9.999320293734743625e-01
9.999270836238735027e-01
9.999215778508930841e-01
9.999154242121367497e-01
9.999085169444242860e-01
9.999007277913054548e-01
9.998919000095161103e-01
9.998818404262802551e-01
9.998703087880809193e-01
9.998570032916437311e-01
9.998415406496093949e-01
9.998234281981764893e-01
9.998020241985635659e-01
9.997764802570988651e-01
9.997456560329580633e-01
9.997079898779563933e-01
9.996612973387789536e-01
9.996024476199302233e-01
9.995268256458139655e-01
9.994274006286930634e-01
9.992930344523051067e-01
9.991052290052558904e-01
9.988314214517584055e-01
9.984099105603804203e-01
9.977119605521649337e-01
9.964310868248384967e-01
9.936819998191771530e-01
9.859548070607760950e-01
9.463642105507924507e-01
