9.999990051256569812e-01
9.999974202903831877e-01
9.999959616425341258e-01
9.999945266733361038e-01
9.999931660723156979e-01
9.999918509984635495e-01
9.999906049558717758e-01
9.999894154259176826e-01
9.999882977910224957e-01
9.999872483793830202e-01
9.999862804978448816e-01
9.999853951665830243e-01
9.999845871396640939e-01
9.999838092463225747e-01
9.999830044902413562e-01
9.999821431344196876e-01
9.999812149920105364e-01
9.999802125736020342e-01
9.999791277315064342e-01
9.999779511748905225e-01
9.999766722674257036e-01
9.999752787849965907e-01
9.999737566226745145e-01
9.999720894364894086e-01
9.999702582030063347e-01
9.999682406744260232e-01
9.999660106998976561e-01
9.999635373741420086e-01
9.999607839612891791e-01
9.999577065234573903e-01
9.999542521577428067e-01
9.999503567084320199e-01
9.999459417680464091e-01
9.999409107029207933e-01
9.999351433231342678e-01
9.999284886414997464e-01
9.999207548967079529e-01
9.999116955924067796e-01
9.999009896250566909e-01
9.998882124575708685e-01
9.998727934137706663e-01
9.998539508982908774e-01
9.998305914737868338e-01
9.998011477780849310e-01
9.997633089618781499e-01
9.997135537940676775e-01
9.996463023687144345e-01
9.995522841459142382e-01
9.994151716975182564e-01
9.992040056716582352e-01
9.988541260444728787e-01
9.982113561375252075e-01
9.968292050018756623e-01
9.929290967509015742e-01
9.727739844562919291e-01
