9.999993943926370754e-01
9.999984438526620112e-01
9.999975908219189691e-01
9.999967761568423485e-01
9.999960313369885556e-01
9.999953445980568345e-01
9.999947326221184651e-01
9.999941898761034453e-01
9.999936900897368197e-01
9.999931687455135831e-01
9.999925867485662812e-01
9.999919273605722969e-01
9.999911759449898740e-01
9.999903145342929900e-01
9.999893205677010677e-01
9.999881653894373557e-01
9.999868121615493877e-01
9.999852128919805017e-01
9.999833041228238795e-01
9.999810005414265790e-01
9.999781852868592225e-01
9.999746948441894379e-01
9.999702947769020245e-01
9.999646393517508391e-01
9.999572015741495790e-01
9.999471459954643038e-01
9.999330838322767478e-01
9.999125673455026009e-01
9.998809505095804795e-01
9.998285154767201366e-01
9.997320375104961077e-01
9.995239974416620932e-01
9.989334406946399625e-01
9.958345861033298663e-01
